1.3656
0.2870
0.2301
0.5761
0.5761
540.2381
1.8119
1.3657
0.8339
0.3495
0.0514
0.0418
0.0080
0.0001
0.0006
0.0001
0.9980
0.0168
0.0125
0.0604
177.1094
0.5358
0.3987
0.9670
3.9611
2.7014
0.0266
0.0373
0.0361
0.0897
0.1112
0.0854
0.0513
0.0434
0.4529
0.0662
21.9728
71.0234
19.9099
68.0639
39.4482
91.3641
40.0460
91.9771
17.2949
63.6800
15.6999
60.9697
22.9991
72.4424
23.1712
72.7787
11.3532
52.1946
9.1968
47.2536
12.8857
55.3012
11.8471
53.2428
198.1084
201.4968
0.0048
27.1676
-0.0959
21.7504
0.1032
11.4426
0.0180
11.1001
0.0185
9.1566
0.0245
5.9338
33.5404
77.2873
0.0000
775.9446