1.0759
0.4017
0.3562
0.7973
0.7973
346.7162
2.2836
0.5420
0.8990
0.2270
0.0126
0.0052
0.0002
-0.0000
-0.0000
-0.0000
0.9890
0.0178
0.0141
0.1462
200.9015
0.5014
0.3068
0.9759
3.5302
2.8597
0.0305
0.0460
0.0369
0.0901
0.1198
0.1083
0.0650
0.0499
0.3716
0.0820
17.9000
64.6010
28.2132
79.1862
32.5721
84.2207
19.9146
67.9361
10.4348
50.0492
16.9210
62.9233
17.7545
64.2477
10.8323
51.0333
6.2027
38.8325
8.3807
44.9540
9.4026
47.4293
6.3717
39.4194
324.4622
253.6845
-0.0292
27.9350
0.0390
23.0870
-0.0358
12.6447
0.0618
12.3230
0.0346
9.8617
0.0199
6.5007
30.4486
83.8237
0.0000
807.7079