1.0458
0.3828
0.3571
0.7495
0.7495
345.8629
2.1381
1.1626
0.8839
0.2867
0.0267
0.0185
0.0016
-0.0000
-0.0002
-0.0000
0.9998
0.0142
0.0111
0.0077
139.4773
0.5047
0.2746
0.9795
2.8978
2.8372
0.0289
0.0459
0.0372
0.0992
0.1244
0.1097
0.0693
0.0545
0.3447
0.0862
15.6364
60.6261
20.5022
68.6441
19.6285
67.3999
17.0747
63.2442
8.1056
44.2597
10.3010
49.7294
8.9041
46.3496
8.2094
44.6442
4.8871
34.5056
5.7780
37.5104
5.0456
35.0692
5.0056
35.0267
324.0258
230.4091
-0.0510
22.2211
0.0749
22.8873
-0.0488
10.7502
0.0126
9.2648
-0.0365
9.1553
0.0284
5.8010
24.4674
69.0112
0.0000
712.9684