0.9195
0.3880
0.3133
0.6385
0.6385
233.4997
4.7437
0.2136
0.9775
0.2873
0.0290
0.0158
0.0017
-0.0000
-0.0001
0.0000
0.9992
0.0209
0.0158
0.0287
190.1903
0.4984
0.2281
0.9630
3.1760
2.9107
0.0336
0.0556
0.0360
0.0867
0.1113
0.1257
0.0782
0.0607
0.3116
0.1006
23.2165
72.4441
18.0651
64.7904
14.9368
59.3107
18.0133
64.6394
11.8754
53.0053
9.5780
48.0198
8.5318
45.3862
9.6653
48.1721
8.4356
44.9161
6.8495
40.8063
6.3735
39.3416
6.8498
40.7674
292.6404
197.1644
-0.0102
23.9201
-0.0230
26.2647
0.0683
12.0806
-0.0126
9.3662
-0.0286
11.9385
0.0032
6.3646
26.5008
79.3451
0.0000
736.5609