1.4024
0.5160
0.1592
0.6585
0.6585
117.8815
1.6030
1.9210
0.7816
0.2603
0.0200
0.0009
0.0001
0.0000
0.0000
-0.0000
0.7737
0.0393
0.0305
0.6316
238.2978
0.4017
0.1265
0.9295
4.3507
3.5563
0.0343
0.0504
0.0435
0.1190
0.1628
0.1486
0.0825
0.0586
0.2066
0.0936
24.7803
74.7609
30.8567
82.3280
34.4348
86.1430
26.6229
77.3244
14.6436
58.8071
18.5878
65.6797
20.1372
67.9925
17.4352
63.8477
9.9077
48.8235
11.7446
52.9038
13.4342
56.2455
11.4379
52.3201
250.2603
155.2561
-0.9128
33.6547
-0.2678
27.9879
0.0780
13.9055
0.2464
13.4895
0.0270
10.4488
-0.0396
7.3017
38.3027
88.2723
0.0000
599.6416