1.1100
0.4382
0.4011
0.8234
0.8234
310.8458
1.0925
3.9648
0.4026
0.2379
0.0169
0.0066
0.0004
-0.0000
-0.0000
-0.0000
0.9995
0.0209
0.0133
0.0213
180.1605
0.5522
0.3412
0.9758
3.0490
2.5352
0.0348
0.0488
0.0344
0.0741
0.0875
0.0957
0.0638
0.0535
0.4153
0.0921
16.7026
62.4235
24.4085
74.1793
15.9875
61.1378
14.4334
58.4176
9.1622
46.9341
14.0705
57.5777
8.5713
45.4277
7.7052
43.2670
6.5797
39.9380
9.6814
48.1634
5.9115
37.8844
5.5855
36.9673
277.1953
239.1733
-0.1142
23.9424
-0.0001
24.4718
-0.0163
12.7768
-0.0028
10.1989
0.0537
10.2449
0.0432
6.5521
25.1348
78.7879
0.0000
836.4807