1.4107
0.4922
0.3531
0.8620
0.8620
178.8773
2.3105
1.6016
0.9015
0.2313
0.0250
0.0008
0.0001
-0.0000
-0.0000
0.0000
0.8764
0.0379
0.0279
0.4792
213.6808
0.5314
0.2932
0.9464
3.4399
2.8111
0.0292
0.0418
0.0353
0.0931
0.1162
0.1208
0.0697
0.0486
0.3664
0.0790
18.3445
65.2463
28.5728
79.3342
24.6927
74.5068
16.6545
62.4680
12.1024
53.7316
16.1820
61.4281
13.9071
57.2372
11.1555
51.7334
8.8970
46.3296
10.7287
50.5781
9.5020
47.6927
8.9190
46.4469
184.5188
170.4606
0.7498
31.1554
0.1574
23.6710
0.0282
13.8775
-0.0918
12.4781
-0.0316
10.2386
-0.0481
7.0486
30.4165
84.7613
0.0000
744.3574