0.9310
0.2284
0.2050
0.4611
0.4611
275.9495
1.5318
2.7837
0.7575
0.4037
0.0571
0.0800
0.0096
-0.0003
-0.0023
-0.0001
0.9514
0.0330
0.0205
0.3056
185.1660
0.4924
0.2097
0.9634
3.3224
2.9914
0.0332
0.0515
0.0363
0.0959
0.1222
0.1295
0.0787
0.0600
0.2948
0.0979
21.4880
70.1681
18.2652
65.1053
15.4501
60.2529
17.7114
64.2165
13.4327
56.4264
11.4902
52.4019
10.1700
49.4401
11.2988
52.0409
9.6746
48.2021
8.5091
45.3307
8.0545
44.1399
8.5097
45.3933
269.5062
197.1006
-0.1884
21.0063
0.2311
24.1884
-0.0596
11.6012
-0.0136
10.1791
-0.0190
10.7175
-0.0362
6.8856
27.5024
75.4737
0.0000
690.1145