0.8837
0.2917
0.2666
0.5869
0.5869
228.1273
1.8466
1.2875
0.8407
0.3192
0.0379
0.0272
0.0028
-0.0000
-0.0003
-0.0000
0.9008
0.0269
0.0165
0.4331
231.5319
0.3450
0.1556
0.9483
5.3324
3.6442
0.0589
0.0734
0.0562
0.0839
0.0958
0.0979
0.0768
0.0738
0.2521
0.1313
29.1610
80.3436
27.8886
78.9650
27.1728
77.9630
34.1544
86.1879
18.5950
65.6765
17.9442
64.7211
17.0128
63.0613
21.6312
70.5126
15.4538
60.2643
14.8642
59.2638
13.2129
55.9852
16.4607
62.1758
308.8164
184.4981
-0.1711
26.9441
0.0546
27.0313
0.1883
13.7776
0.0408
11.8623
0.0498
11.8832
-0.0291
7.4273
40.1245
83.5233
0.0000
775.1361