0.9043
0.3367
0.3100
0.6789
0.6789
280.3714
2.3760
1.8376
0.9071
0.3001
0.0339
0.0179
0.0015
-0.0000
-0.0003
0.0000
0.9400
0.0193
0.0142
0.3404
125.1101
0.4593
0.2094
0.9716
3.0925
3.1340
0.0305
0.0495
0.0422
0.1085
0.1346
0.1240
0.0797
0.0586
0.2840
0.0885
19.4450
67.0939
17.7685
64.5166
18.7191
65.8863
19.5525
67.2910
9.8548
48.7172
8.4791
45.4102
8.7388
45.9141
9.5007
47.8821
6.2792
39.1057
5.2453
35.8916
5.6663
37.1527
5.6297
37.0921
279.8746
185.4152
-0.0679
20.4454
-0.1066
21.4145
-0.0778
10.0533
-0.0063
8.4994
0.0218
8.4205
0.0256
5.0945
26.2436
65.6735
0.0000
653.3866