1.0493
0.3143
0.2695
0.6280
0.6280
204.4140
2.1540
0.8060
0.8857
0.2935
0.0261
0.0230
0.0021
-0.0000
-0.0003
-0.0000
0.9915
0.0309
0.0213
0.1246
254.9259
0.3861
0.1924
0.9554
5.0580
3.3577
0.0598
0.0700
0.0497
0.0776
0.0846
0.0994
0.0710
0.0729
0.2842
0.1307
28.5127
79.3489
26.5671
77.0837
26.5108
76.8501
25.8944
76.4120
19.9000
67.6964
19.8574
67.7682
18.0546
64.7229
18.0026
64.8582
15.5793
60.4170
14.5658
58.6569
13.1684
55.8156
12.9419
55.5172
314.6112
210.2206
-0.8014
26.9256
-0.0692
30.0760
-0.1312
14.2168
0.0306
11.5387
-0.1040
12.2128
-0.0853
7.3924
39.1395
89.9225
0.0000
666.7968