0.8182
0.4920
0.1395
0.7373
0.7373
223.2413
1.3063
2.6330
0.6434
0.1917
0.0020
0.0005
0.0002
0.0000
0.0000
-0.0000
0.9131
0.0309
0.0246
0.4057
137.5208
0.4857
0.2437
0.9638
3.2572
3.0157
0.0308
0.0466
0.0375
0.0948
0.1305
0.1315
0.0717
0.0520
0.3172
0.0873
21.8781
70.8855
22.6314
71.8880
22.9390
72.2903
21.3627
70.1322
10.4932
50.2265
11.7701
53.0473
12.1842
53.8864
11.4117
52.3473
7.0342
41.3738
7.8944
43.7666
8.2370
44.6424
7.7747
43.5018
220.4500
169.3909
0.0444
23.4249
-0.0480
21.4220
0.1260
10.9805
-0.0298
9.7386
-0.0028
8.4331
0.0250
5.3522
27.9546
68.3181
0.0000
617.6034