1.1743
0.2965
0.2746
0.5998
0.5998
166.7125
1.5178
0.7820
0.7523
0.3607
0.0602
0.0280
0.0028
-0.0000
-0.0005
0.0000
0.9949
0.0294
0.0213
0.0938
248.6906
0.3910
0.1678
0.9453
4.7962
3.3863
0.0609
0.0706
0.0521
0.0799
0.0859
0.0938
0.0711
0.0743
0.2742
0.1371
27.5918
78.2405
27.6032
78.4789
23.6497
73.2710
27.0587
77.7388
17.3736
63.4996
17.1764
63.3429
15.4995
60.3765
16.7202
62.5439
12.8588
55.0900
13.2056
56.0252
13.1851
55.9100
12.5378
54.6402
292.8517
182.9137
-0.2656
28.4809
0.3120
30.6671
-0.2339
13.3939
-0.1139
11.0159
0.0080
12.9051
-0.0432
7.2178
36.9343
89.1119
0.0000
656.1296