1.0382
0.3197
0.3060
0.6442
0.6442
187.4168
1.7802
1.9987
0.8273
0.3501
0.0429
0.0399
0.0040
-0.0000
-0.0008
0.0000
0.4786
0.0312
0.0154
0.8773
175.6725
0.4482
0.1748
0.9544
3.4411
3.2174
0.0318
0.0523
0.0421
0.1090
0.1418
0.1310
0.0786
0.0616
0.2570
0.0948
29.8592
81.0958
16.7331
62.6646
14.1786
57.8419
22.5743
71.7936
15.8786
60.9824
9.3388
47.5374
9.3724
47.4825
11.4930
52.4186
9.4266
47.5259
6.8801
40.9397
6.7669
40.5180
7.5112
42.6641
273.7196
169.9388
0.2225
22.9968
-0.2993
26.9890
0.0482
11.1773
-0.0084
8.8699
0.1137
11.1425
-0.0622
5.9765
29.3415
75.8207
0.0000
693.1089