0.7610
0.3173
0.2896
0.6399
0.6399
256.2052
1.9899
1.1413
0.8646
0.3050
0.0314
0.0269
0.0043
0.0000
0.0001
-0.0000
0.9915
0.0297
0.0220
0.1247
215.0625
0.5407
0.2545
0.9613
3.0192
2.7786
0.0266
0.0416
0.0311
0.0980
0.1260
0.1316
0.0748
0.0520
0.3355
0.0829
21.3506
69.6998
15.3608
60.2007
17.0987
63.0846
22.8772
71.9285
11.4612
52.1597
9.2829
47.3419
10.1419
49.2744
12.2415
53.8545
7.9750
43.7730
7.0625
41.4269
7.4480
42.4092
8.3099
44.7279
261.2759
204.2073
0.0828
27.6849
0.1898
28.0479
-0.1443
12.8868
0.0608
10.7872
-0.0318
11.4091
-0.0181
7.0068
26.9228
86.5050
0.0000
723.6850