0.8598
0.2760
0.2651
0.5625
0.5625
139.7035
1.6880
2.9741
0.8056
0.3875
0.0556
0.0653
0.0119
0.0001
0.0000
-0.0003
0.8350
0.0403
0.0268
0.5481
301.7114
0.4431
0.1436
0.9489
4.0265
3.2440
0.0414
0.0606
0.0433
0.0993
0.1167
0.1270
0.0840
0.0690
0.2423
0.1164
26.0908
76.2490
22.7830
71.9119
23.7247
73.0892
26.8160
77.3323
14.7132
58.6873
13.7109
56.9285
13.9143
57.1870
15.1357
59.5754
10.3950
49.7141
9.7655
48.4043
10.0714
49.0038
11.0523
51.3106
348.9537
213.4318
0.0054
30.8119
-0.2867
31.7077
-0.1017
14.4129
0.1136
14.1020
-0.0592
14.4771
0.0294
8.1838
34.6867
101.5319
0.0000
795.6595