1.6250
0.3911
0.1734
0.4084
0.4084
471.8190
2.5376
0.1165
0.9191
0.5996
0.1859
0.0625
0.0330
0.0013
0.0101
-0.0008
0.9997
0.0179
0.0142
0.0086
153.4514
0.4755
0.2878
0.9730
3.6608
3.0422
0.0299
0.0442
0.0391
0.0961
0.1362
0.1118
0.0631
0.0504
0.3509
0.0783
26.2334
76.9146
35.0270
87.0684
28.3163
79.4559
22.1358
71.3547
14.1248
57.8663
19.3214
66.9946
15.3467
60.1378
12.6042
54.9294
8.0933
44.2694
8.7492
45.9853
8.1678
44.4302
7.1869
41.8643
272.8480
208.9053
-0.0602
23.5486
0.0028
22.2138
0.0507
11.2346
0.0085
9.5232
-0.0250
9.3891
0.0044
5.6805
31.3766
71.7154
0.0000
700.3456