0.9444
0.6367
0.4709
0.8831
0.8831
207.5599
1.2158
3.0883
0.5687
0.1704
0.0014
0.0002
0.0000
0.0000
0.0000
0.0000
0.4730
0.0276
0.0198
0.8804
202.4140
0.4722
0.1658
0.9402
3.3746
3.2300
0.0262
0.0437
0.0351
0.1147
0.1582
0.1539
0.0826
0.0543
0.2476
0.0837
16.8007
62.5256
20.3497
68.3634
21.9168
70.6845
18.7047
65.8053
10.1469
49.3237
10.8433
50.9155
12.1751
53.7885
11.0966
51.5017
7.4630
42.5043
7.8138
43.4653
8.4432
45.0736
7.8288
43.5033
203.2689
157.0976
0.0784
25.6915
-0.0422
25.4158
-0.0277
12.3580
-0.0268
10.9158
-0.0255
10.6769
0.0070
7.1155
30.0420
81.5732
0.0000
724.0622