0.7711
0.2296
0.1600
0.3932
0.3932
313.0258
1.5357
0.7835
0.7589
0.6399
0.2286
0.1287
0.0358
0.0014
0.0094
-0.0020
0.9992
0.0195
0.0127
0.0327
216.9360
0.4346
0.1873
0.9600
3.7238
3.2444
0.0382
0.0565
0.0470
0.0987
0.1188
0.1231
0.0817
0.0632
0.2701
0.1026
17.7483
64.0946
17.9262
64.5620
19.7448
67.2430
21.3630
69.9767
11.6275
52.5912
10.6085
50.4328
10.8710
50.8083
12.4139
54.3555
8.0165
43.9273
7.3829
42.2955
7.2881
41.8477
8.3736
44.9680
296.5708
202.8725
0.3768
29.1434
-0.1410
25.7110
-0.1329
13.5942
0.0346
11.0246
-0.0201
11.1444
0.0119
6.7820
31.0292
85.2740
0.0000
782.6238