0.6950
0.6448
0.6046
0.9116
0.9116
140.3180
1.5059
2.5623
0.7477
0.1793
0.0048
0.0004
0.0000
-0.0000
-0.0000
0.0000
0.6794
0.0449
0.0311
0.7317
272.6556
0.4519
0.1515
0.9258
4.1686
3.3898
0.0296
0.0422
0.0328
0.1090
0.1696
0.1674
0.0757
0.0543
0.2328
0.0867
31.1681
82.3058
28.9302
79.9695
22.8083
72.0661
23.9991
73.6359
18.0297
64.5600
15.5265
60.3110
12.9761
55.5579
15.1282
59.6006
13.3147
56.0050
11.8173
53.0008
10.5536
50.3060
11.7914
52.9708
210.5490
161.9979
0.0101
25.9598
-0.4731
32.5850
-0.2537
15.1357
0.0408
11.2622
-0.3407
13.9885
-0.1017
7.6996
37.2043
93.1207
0.0000
672.1800