0.5385
0.3791
0.3964
0.8214
0.8214
13.4166
5.1975
0.3562
0.9813
0.3210
0.0614
0.0183
0.0077
0.0001
0.0018
-0.0000
0.8790
0.4691
0.0845
0.0127
4611.4150
0.1332
0.0633
0.7331
36.8371
5.0591
0.0906
0.0819
0.0731
0.1199
0.1520
0.1550
0.0731
0.0585
0.0848
0.1111
110.8947
120.6416
112.9912
122.9845
117.6374
117.7506
120.6608
121.7872
95.2193
120.6561
98.1637
121.1531
107.1988
120.6689
100.3567
121.4189
98.2690
121.2348
92.9386
119.3257
91.4737
118.3106
94.4298
120.3601
459.7300
308.4847
19.0100
132.5697
-6.5100
70.0078
-11.0700
48.6017
-2.0222
52.4496
0.3667
51.8155
4.7222
36.6390
270.3142
263.3705
0.0000
989.5656