1.2500
0.2437
0.2899
0.6190
0.6190
11.4020
1.9551
0.6427
0.8593
0.3359
0.0404
0.0357
0.0036
-0.0000
-0.0006
0.0000
0.9774
0.1877
0.0656
0.0715
4253.9741
0.1135
0.0527
0.6611
39.0885
5.2921
0.1007
0.0778
0.0709
0.1167
0.1213
0.1579
0.0641
0.0686
0.0892
0.1327
114.2952
118.0357
120.9199
122.5892
110.7666
119.2083
128.8764
121.2506
105.0641
121.4996
98.4989
121.1015
103.8604
120.7289
103.1785
122.0344
88.6568
118.9207
92.6636
119.9923
103.8513
121.6047
80.3593
116.4239
443.7167
243.8815
-20.4667
115.7133
-3.9667
100.8246
4.0833
53.4969
2.6333
54.6542
-2.5583
50.5624
-1.8500
31.3578
261.0480
234.1726
0.0000
912.3596