1.8750
0.3958
0.4156
0.8796
0.8796
15.6527
7.1827
0.0131
0.9903
0.2702
0.0352
0.0082
0.0019
0.0000
0.0003
0.0000
0.9898
0.1341
0.0306
0.0374
2268.6837
0.1682
0.0641
0.8164
24.1744
4.9425
0.0869
0.0769
0.0655
0.1197
0.1311
0.1453
0.0527
0.0613
0.1268
0.1339
118.6980
123.0200
107.7863
122.5458
119.3519
120.5966
136.7578
122.8902
90.5755
120.1761
86.4872
118.4246
81.8162
117.0144
90.1681
119.1988
70.9088
112.6917
83.6311
117.4551
77.1125
115.3795
77.0641
115.0002
492.4796
283.3088
-16.0306
90.0750
-2.0306
78.2622
16.5000
42.6563
-0.7033
33.5845
-3.9945
29.1605
1.9670
26.2648
182.4486
209.2666
0.0000
957.8987