0.3750
0.6273
0.4617
0.8469
0.8469
24.3518
1.3489
1.0344
0.6711
0.2798
0.0478
0.0003
0.0000
-0.0000
-0.0000
-0.0000
0.9597
0.2723
0.0635
0.0293
4285.0704
0.2181
0.0817
0.8030
30.9292
4.6433
0.0829
0.0793
0.0654
0.1290
0.1097
0.1300
0.0452
0.0793
0.1355
0.1438
112.6608
118.2819
116.8194
122.6116
116.4479
120.6098
121.6452
122.1349
99.0885
120.5467
98.9733
121.5375
95.9889
119.5665
92.6074
119.4534
82.9908
116.0045
80.5806
115.6936
77.1014
114.2456
80.1143
115.4306
522.1389
355.5249
0.1389
139.8242
-2.0556
119.0131
-10.0556
54.4012
0.7743
46.2305
0.9931
48.0859
0.2326
31.8196
237.6278
290.9121
0.0000
1103.7246