2.7500
0.3892
0.2963
0.7326
0.7326
22.1361
3.4461
0.5633
0.9570
0.4619
0.1646
0.0611
0.0427
0.0022
0.0172
0.0001
0.9738
0.2177
0.0141
0.0645
2879.2623
0.1751
0.0860
0.6291
33.6338
4.9447
0.1159
0.0921
0.0508
0.0571
0.0492
0.1111
0.0698
0.0683
0.2016
0.1841
104.5016
122.8138
96.4698
121.6246
101.6524
121.6556
99.9222
122.4682
77.7175
115.2521
97.9841
121.5115
101.2746
121.6099
89.4270
119.1284
87.9032
119.3497
86.6127
118.5837
92.3492
119.7999
90.3032
119.5349
262.0521
201.6424
-9.2917
78.2343
-11.7604
73.0516
-1.4583
37.3710
-2.4788
36.6808
-0.9515
34.6113
-2.3697
32.8527
184.9230
168.7345
0.0000
841.5426