0.6250
0.3750
0.4878
0.8824
0.8824
8.0625
3.7792
0.2103
0.9644
0.2688
0.0314
0.0103
0.0021
0.0000
0.0003
0.0000
0.8636
0.5037
0.0103
0.0206
4098.2145
0.1206
0.0597
0.6888
35.2976
5.1602
0.0735
0.0551
0.0956
0.1324
0.1765
0.2426
0.0478
0.0331
0.0588
0.0846
95.9963
114.0054
122.5441
123.0639
90.3493
114.8757
108.1912
122.4177
109.3272
121.3667
115.8309
121.1708
103.6875
119.9676
94.1838
119.9450
98.0735
121.1023
106.5074
122.5908
98.0772
120.7607
98.9596
121.7821
432.3625
265.5340
-17.5625
99.1628
-10.6875
133.6745
0.4375
55.8655
-0.8681
46.2598
-0.7986
48.6781
4.6181
30.9217
273.2412
250.1274
0.0000
958.6845