0.7826
0.6353
0.6350
0.9196
0.9196
27.8031
1.9163
1.1863
0.8530
0.1820
0.0032
0.0009
0.0000
0.0000
0.0000
-0.0000
0.9910
0.0941
0.0874
0.0388
2400.1812
0.2674
0.1205
0.8492
21.8390
4.3478
0.0745
0.0729
0.0569
0.1034
0.1178
0.1538
0.0433
0.0465
0.2123
0.1186
112.1106
121.4551
114.6146
121.9860
102.4736
120.7365
100.2556
120.2857
85.0457
118.0964
89.9495
118.9752
82.3662
116.8539
84.3918
117.4368
67.4311
110.6321
70.8638
112.0861
68.2468
110.8889
73.5425
113.4854
397.0406
308.1756
-2.3406
101.1452
3.3844
90.6177
0.6781
47.3100
0.9891
33.4006
1.5391
40.7891
-2.0609
25.7587
177.7688
230.6246
0.0000
1023.7002