1.2500
0.4083
0.4868
0.9187
0.9187
17.8047
1.3842
3.7091
0.6914
0.2418
0.0193
0.0072
0.0006
0.0000
0.0000
-0.0000
0.9602
0.2616
0.0981
0.0047
3245.7558
0.1926
0.0797
0.8186
30.2419
4.8228
0.0811
0.0776
0.0564
0.1270
0.1464
0.1693
0.0600
0.0511
0.1252
0.1058
93.9683
119.5039
107.5750
120.7840
108.9048
120.5568
97.4691
120.2005
93.1605
119.9332
94.4885
119.6059
90.0159
119.1772
89.3898
118.7029
77.3792
115.4061
76.4039
113.9239
79.6102
115.6739
78.6596
115.7057
375.6310
329.0490
11.6310
89.0849
-2.8690
90.4035
-2.6071
50.2399
-0.9935
41.2852
-2.0844
34.9109
0.4351
33.3432
220.9774
237.1035
0.0000
1070.8819