2.2000
0.5273
0.5536
0.9508
0.9508
10.7705
3.0105
0.7831
0.9432
0.2602
0.0373
0.0022
0.0006
0.0000
0.0001
0.0000
0.9546
0.2955
0.0379
0.0076
3395.6439
0.1364
0.0541
0.6966
32.0356
5.1501
0.0556
0.0731
0.0936
0.1696
0.1404
0.1901
0.0673
0.0322
0.0906
0.0877
121.3713
120.6518
129.5965
121.5330
119.1023
116.9915
138.6170
122.3897
100.4123
121.0108
114.5673
122.9809
111.6170
121.7596
97.4357
121.0153
98.9825
121.1913
92.1871
119.9229
92.9854
119.8874
98.1608
121.3029
375.0300
241.6760
7.0500
99.2788
1.3900
93.0705
2.4100
54.8957
-0.5000
48.4980
-3.3556
45.4985
-1.8778
27.2234
257.1872
225.8659
0.0000
927.3543