1.0000
0.4200
0.6505
0.9545
0.9545
5.6571
2.2045
0.8794
0.8912
0.1911
0.0057
0.0016
0.0000
-0.0000
-0.0000
-0.0000
0.9449
0.3255
0.0362
0.0000
4548.9019
0.0894
0.0504
0.6720
41.0508
5.3050
0.1003
0.0519
0.0727
0.1246
0.2145
0.1765
0.0381
0.0415
0.0692
0.1107
114.3875
118.4177
114.1107
122.3671
99.2837
115.8722
119.9343
121.6395
96.7163
119.5267
102.8824
121.6741
89.5467
117.0990
104.5467
121.6331
105.6263
121.9348
100.2145
121.4873
94.0727
118.4963
87.8097
118.4806
404.5400
294.0079
-22.3000
107.9562
-15.9800
115.4243
-6.7800
51.4016
-8.5802
51.1322
-3.2593
41.5201
-0.3086
32.0948
282.4728
226.1266
0.0000
861.9350