0.6250
0.4437
0.4756
0.8659
0.8659
17.4931
2.9290
0.9237
0.9399
0.2899
0.0428
0.0109
0.0027
0.0000
0.0005
0.0000
0.9882
0.1043
0.1043
0.0408
3716.7473
0.2078
0.0900
0.6729
38.2418
4.7566
0.1337
0.0788
0.0366
0.0824
0.0659
0.1190
0.0568
0.0806
0.1740
0.1722
124.3388
122.4615
108.5788
123.5003
107.8791
122.7601
109.9890
123.4971
106.5403
122.2872
93.3168
120.7199
103.3022
122.1008
83.9542
117.9896
87.3132
117.8041
91.0238
119.9590
97.6392
121.1341
84.4817
117.8871
261.8869
236.0205
2.6012
72.2809
-12.0179
77.0894
-2.4226
35.3724
-2.4720
37.7695
-2.1853
46.8149
-1.4091
33.5215
207.6964
198.2562
0.0000
845.6997