1.0000
0.3281
0.4402
0.8571
0.8571
9.8997
7.0452
0.0485
0.9899
0.2650
0.0217
0.0133
0.0009
-0.0000
-0.0001
-0.0000
0.9837
0.1617
0.0757
0.0206
5660.5798
0.1703
0.0646
0.7203
36.7295
4.9007
0.0914
0.0637
0.0609
0.1551
0.1274
0.1745
0.0609
0.0443
0.0886
0.1330
109.9889
117.8255
125.4127
120.7356
103.6288
117.1060
116.6039
120.6609
102.9806
121.1156
112.1801
121.8780
92.3463
118.8215
109.9889
122.0283
92.3878
118.7698
91.6510
118.6531
103.0388
120.8925
100.0997
121.0665
521.7200
322.5551
-16.8200
128.0117
1.8200
140.1706
6.7200
77.3305
4.3400
61.8060
-6.2600
52.1804
4.9200
36.8402
281.3131
306.4290
0.0000
1066.1632