2.2000
0.3636
0.3818
0.8163
0.8163
10.7705
2.7743
0.2328
0.9328
0.3851
0.1029
0.0219
0.0092
0.0001
0.0028
-0.0000
0.9750
0.2207
0.0257
0.0000
5393.6430
0.1166
0.0597
0.6750
39.7319
5.1291
0.0672
0.0672
0.0630
0.1849
0.1975
0.1933
0.0420
0.0252
0.0714
0.0882
108.6933
115.3207
88.5378
119.0207
121.6765
114.7517
118.0336
123.1812
102.3361
119.4385
99.0714
121.0384
108.8403
120.5241
99.0840
122.0658
102.3908
121.0784
102.3277
121.5111
97.0252
119.7059
82.8950
116.8752
429.3000
301.8028
-25.7750
117.9082
-6.9500
126.7857
-4.3750
47.0644
5.3730
62.9548
-1.8651
53.7127
2.2302
37.0497
298.6689
268.5436
0.0000
1065.2868