0.7857
0.5162
0.6023
0.9521
0.9521
16.4014
2.4291
0.6459
0.9113
0.1989
0.0079
0.0020
0.0001
0.0000
0.0000
0.0000
0.9453
0.3199
0.0611
0.0175
3712.1441
0.2441
0.1194
0.6672
34.2756
4.5040
0.1169
0.0541
0.0476
0.0931
0.0671
0.1407
0.0736
0.0736
0.1818
0.1515
103.6429
119.6641
113.7035
122.2938
104.7727
121.3708
100.7792
121.9978
93.7294
118.7344
104.1970
121.0505
87.6277
117.9743
81.5325
117.2595
86.5455
116.8742
89.8290
118.2588
90.4524
119.2497
91.5498
120.1545
259.7431
239.5759
-10.9236
63.0945
-0.9653
77.9953
1.2847
38.9874
-0.7479
43.9593
-1.6570
45.2825
-1.3760
31.1775
219.7681
228.9580
0.0000
855.9673