0.8333
0.3000
0.4614
0.8571
0.8571
6.4033
2.5824
0.6031
0.9220
0.2643
0.0243
0.0120
0.0013
0.0000
0.0000
0.0000
0.9960
0.0850
0.0266
0.0080
4725.5106
0.1845
0.0539
0.6839
30.1066
4.8367
0.0429
0.0952
0.0762
0.1643
0.1667
0.1929
0.0571
0.0548
0.0524
0.0976
119.6381
118.0150
129.4024
120.8830
125.1381
116.0605
114.0024
121.0383
102.6262
120.8951
103.1310
121.0590
95.2976
118.1920
95.7929
119.9315
82.5190
115.7624
83.6762
116.4436
82.5381
115.1414
81.2405
115.9934
619.9083
332.3491
-3.6417
148.6468
-7.0917
89.4480
-0.5083
72.3998
1.4318
62.2671
-1.3955
44.4590
-4.9955
31.5315
234.8312
295.5002
0.0000
1072.9147