1.0000
0.3125
0.5359
0.8333
0.8333
4.2428
1.8244
1.0467
0.8364
0.2342
0.0146
0.0065
0.0004
-0.0000
-0.0000
-0.0000
0.8821
0.4710
0.0075
0.0000
6226.9935
0.0707
0.0593
0.4902
50.4245
5.2869
0.0879
0.1099
0.0604
0.0989
0.1703
0.1703
0.0659
0.0714
0.0440
0.1209
132.3901
116.5702
95.9890
121.4592
109.7802
115.4187
113.7637
125.0561
88.6593
115.1656
119.5000
122.5730
107.0769
118.9613
119.7802
122.2945
112.7143
120.3541
116.8626
122.7522
109.8956
121.2902
101.4341
120.8627
425.4531
265.0976
-49.4844
99.8653
-28.1719
80.4111
5.3281
37.0911
-1.5306
63.9361
-8.5102
56.6746
9.7755
38.4736
300.2917
238.8305
0.0000
941.2725