1.4000
0.2571
0.3628
0.7500
0.7500
7.2113
2.6839
1.9058
0.9280
0.2643
0.0243
0.0120
0.0013
0.0000
0.0000
-0.0000
0.9482
0.3141
0.0465
0.0000
7190.5088
0.1316
0.0591
0.5933
47.3161
5.0496
0.0578
0.1156
0.0844
0.1067
0.1378
0.2089
0.0444
0.0667
0.0711
0.1067
96.8444
113.7253
109.6844
122.8052
91.0667
113.1488
130.6178
123.2214
128.8444
120.2120
112.5644
122.0637
104.7867
119.7796
88.9822
118.5378
115.1333
122.0916
100.2089
120.0626
102.6222
120.3984
105.9244
122.2461
476.7500
280.6909
3.3438
150.3950
-27.6563
125.5354
-3.6250
55.9479
-10.2969
46.2072
13.8125
78.9921
2.7969
37.8762
344.1754
295.8240
0.0000
997.2783