1.4000
0.4571
0.5672
0.8421
0.8421
7.2113
2.9031
0.5920
0.9388
0.2512
0.0249
0.0045
0.0005
0.0000
0.0000
0.0000
0.8993
0.4351
0.0406
0.0174
4695.6532
0.1758
0.0803
0.6439
37.1026
4.8510
0.1042
0.0708
0.0625
0.0917
0.1333
0.1958
0.0792
0.0333
0.1042
0.1250
108.9208
118.4118
106.6958
123.3606
103.4875
117.2185
120.6458
124.5638
108.9375
122.3391
107.8333
121.6771
108.8958
121.0718
120.5750
123.0763
85.5042
117.4927
105.7000
121.7846
106.7875
121.4289
100.3625
121.7212
366.3906
232.5176
-25.1094
118.2206
-7.2969
88.2037
9.7031
40.9166
-3.4297
64.2466
-1.8828
52.3257
-2.5391
33.5584
268.7545
257.0730
0.0000
880.7383