0.4286
0.4286
0.5144
0.9474
0.9474
6.3248
2.1552
0.5382
0.8858
0.2812
0.0482
0.0040
0.0017
0.0000
0.0004
0.0000
0.9989
0.0259
0.0389
0.0065
7905.9490
0.1278
0.0776
0.4467
55.2710
5.0188
0.1273
0.0909
0.0545
0.0727
0.1273
0.1939
0.0848
0.0242
0.0909
0.1333
121.1030
115.2453
126.5394
122.4202
122.6121
121.2309
89.2545
118.7382
114.9455
118.4983
110.3636
121.3767
105.5758
119.6569
114.7879
122.0051
116.5333
121.7001
122.6848
123.1078
122.7879
123.1908
111.8364
121.5281
330.6667
202.5769
5.0000
112.8525
-1.2500
120.3033
5.0833
71.8046
-6.2500
63.7822
-2.4583
79.2261
8.7500
33.8077
358.4120
273.4395
0.0000
986.5678