0.5714
0.2321
0.3096
0.7222
0.7222
6.7084
2.7205
0.1319
0.9300
0.3432
0.0656
0.0179
0.0038
0.0000
0.0006
0.0000
0.9993
0.0345
0.0069
0.0138
9948.6866
0.1075
0.0720
0.4301
61.0379
4.9804
0.0980
0.0915
0.0588
0.1111
0.1438
0.1961
0.0719
0.0458
0.0458
0.1373
113.8366
107.8103
104.1569
123.1912
105.4248
114.0066
95.0588
121.7510
105.5294
113.8939
110.4575
122.0910
78.6405
112.0502
92.2157
119.6238
122.3595
118.5413
117.3007
122.1957
115.6405
120.0965
103.8039
121.0848
313.9167
283.0833
21.7167
145.5215
-47.0500
109.6439
-13.4500
49.6213
-4.8111
57.4010
-5.2778
66.6219
3.9000
38.6826
382.6103
297.0245
0.0000
1031.3738