0.5301
0.2102
0.1750
0.4226
0.4226
412.8852
1.6336
2.1330
0.7908
0.4542
0.1140
0.1268
0.0549
0.0043
0.0152
-0.0015
0.9990
0.0441
0.0014
0.0002
269.4305
0.2948
0.1852
0.9650
7.5893
4.0479
0.0321
0.0571
0.0607
0.1247
0.1513
0.1245
0.0766
0.0590
0.2388
0.0752
67.2286
111.1307
34.8935
87.0834
33.5820
85.3998
37.4656
89.7464
67.1294
111.0410
33.6418
85.7953
26.5585
77.2276
35.4441
87.7100
55.0746
103.9699
20.7409
69.2493
14.7158
58.8621
21.6416
70.6094
479.1596
242.8922
-0.4017
28.9755
0.5616
32.5866
0.0736
12.2481
0.0252
11.3009
0.0178
15.7002
-0.0392
7.2139
62.3524
82.3701
0.0000
1028.1488