0.5625
0.5505
0.4836
0.9294
0.9294
292.3596
3.0461
0.5549
0.9446
0.2572
0.0345
0.0032
0.0007
0.0000
0.0001
-0.0000
0.9996
0.0277
0.0029
0.0017
344.8137
0.4765
0.3908
0.9762
6.9467
3.0411
0.0231
0.0395
0.0445
0.0926
0.1125
0.0948
0.0551
0.0425
0.4411
0.0543
55.8443
104.1605
39.5069
91.2373
30.9266
82.6227
37.0669
89.0174
52.5008
101.8835
33.2204
85.0982
24.0535
73.9831
33.2196
85.1888
43.7852
95.2340
22.2991
71.4330
14.9002
59.2792
21.5053
70.3071
383.5979
333.5136
0.3098
28.8448
-0.1919
40.2812
-0.0180
16.7718
0.0112
13.4747
0.0598
17.0733
0.0123
8.3566
58.9134
105.5108
0.0000
1135.9225