0.7162
0.2659
0.2482
0.5365
0.5365
280.2733
1.7220
2.4436
0.8141
0.3533
0.0472
0.0506
0.0086
0.0001
-0.0000
-0.0002
0.9955
0.0948
0.0057
0.0006
275.2249
0.3461
0.2501
0.9717
7.2135
3.7509
0.0306
0.0530
0.0574
0.1150
0.1357
0.1133
0.0712
0.0539
0.3006
0.0693
62.5933
108.5658
36.9832
89.1205
30.5924
82.2789
40.2309
92.1963
63.6212
109.1294
34.2753
86.4349
24.7836
74.9904
34.6783
86.7904
50.9653
101.0638
20.7564
69.2397
13.9321
57.4168
21.3213
70.0572
454.5690
275.8119
-0.0080
26.3886
-0.7174
33.0032
-0.1614
13.7305
0.0740
12.0982
-0.0846
15.1335
0.0334
7.6094
59.6995
87.0208
0.0000
946.3467