0.4825
0.4001
0.3259
0.7045
0.7045
316.2185
1.5826
2.5380
0.7751
0.4331
0.1374
0.0152
0.0041
0.0000
0.0012
-0.0000
0.9984
0.0567
0.0015
0.0003
270.7826
0.3744
0.2802
0.9722
6.9995
3.5831
0.0297
0.0504
0.0562
0.1093
0.1268
0.1082
0.0695
0.0509
0.3301
0.0689
61.1763
107.7090
34.0559
86.1148
29.7294
81.2262
35.3062
87.3198
60.2324
107.1237
32.1005
84.0627
24.5952
74.7192
33.3232
85.3403
50.2397
100.5102
19.6507
67.5393
15.1748
59.7961
21.6047
70.4652
413.5994
275.5288
-0.1440
25.1651
0.0555
32.4268
-0.0871
15.1114
-0.0453
9.9043
-0.0055
16.0098
-0.0202
7.2907
57.6536
87.0672
0.0000
1064.9188