1.6453
0.4255
0.3549
0.6838
0.6838
329.7956
1.0599
3.1738
0.3314
0.3438
0.0743
0.0039
0.0004
-0.0000
-0.0000
0.0000
0.9927
0.1204
0.0085
0.0013
221.3689
0.3572
0.2591
0.9750
6.7948
3.6583
0.0331
0.0551
0.0580
0.1079
0.1238
0.1059
0.0701
0.0587
0.3117
0.0757
56.3709
104.7989
32.2774
84.2270
23.9995
73.8963
28.7903
80.2027
60.9561
107.5995
32.2512
84.2657
21.5462
70.4244
30.3788
82.1417
52.3252
102.0219
21.2052
69.9748
12.2491
54.0448
19.7793
67.7842
423.8883
262.3719
-0.8310
21.9988
-0.4648
33.9550
0.0984
13.2059
-0.1975
10.3388
-0.0503
11.5842
0.0123
5.8465
54.4842
77.9429
0.0000
1124.4234