0.7904
0.4134
0.4143
0.8299
0.8299
345.3073
2.7832
3.2071
0.9332
0.2362
0.0159
0.0078
0.0006
0.0000
-0.0000
0.0000
0.9994
0.0336
0.0019
0.0006
244.9213
0.3839
0.2930
0.9776
6.7553
3.5405
0.0283
0.0493
0.0550
0.1077
0.1256
0.1083
0.0690
0.0508
0.3394
0.0665
57.3203
105.3781
36.1930
88.1988
27.6754
78.7847
35.3448
87.5479
58.2608
105.9622
33.0299
85.0134
23.9351
73.8613
33.6598
85.8034
47.9977
98.8186
20.3271
68.5330
13.5006
56.6077
20.4233
68.7691
427.2229
290.6070
0.1450
23.2150
-0.1522
32.1676
0.1391
14.3434
0.0018
11.3066
-0.1306
14.8570
0.0071
7.4095
55.6401
82.9912
0.0000
1135.9225