1.0078
0.4771
0.3943
0.8248
0.8248
362.0417
2.1661
2.1982
0.8871
0.1980
0.0050
0.0016
0.0001
0.0000
0.0000
0.0000
0.9957
0.0930
0.0040
0.0007
263.7150
0.3959
0.3112
0.9741
7.0951
3.4752
0.0292
0.0498
0.0541
0.1031
0.1206
0.1014
0.0653
0.0512
0.3582
0.0670
62.0976
108.1174
37.2021
89.3487
29.7009
81.2767
34.6776
86.8443
61.0020
107.5108
34.0589
86.1773
26.2123
76.9226
32.7345
84.7956
51.8201
101.5759
22.6974
72.1257
16.2008
61.7283
22.2481
71.5129
393.2245
279.5183
-1.2495
23.4825
-0.7412
38.7543
0.0293
14.8868
-0.2995
8.9668
0.1154
14.5574
0.0040
6.0555
57.8501
86.9002
0.0000
1127.9876