0.7485
0.4487
0.4330
0.8798
0.8798
425.8006
1.7904
1.6433
0.8295
0.2190
0.0142
0.0035
0.0003
0.0000
0.0000
-0.0000
0.9980
0.0630
0.0054
0.0014
267.9090
0.4711
0.3925
0.9769
6.5385
3.0500
0.0250
0.0434
0.0467
0.0903
0.1060
0.0916
0.0557
0.0454
0.4375
0.0583
53.5931
102.7845
29.4644
81.0054
26.3294
77.0238
35.1583
87.0597
53.0270
102.3426
29.2756
80.8169
23.1283
72.6967
31.5681
83.3544
45.4467
96.6829
19.9569
68.0507
14.8353
59.1890
21.6733
70.5782
341.6841
299.7637
-0.0763
24.7212
0.5634
36.2008
-0.0590
15.5865
0.0450
10.0036
-0.0180
13.2302
0.0078
6.7423
53.4929
89.6925
0.0000
1135.9225