0.9396
0.2120
0.1989
0.4288
0.4288
248.3165
1.4656
2.1744
0.7310
0.3560
0.0439
0.0552
0.0063
-0.0001
-0.0013
0.0001
0.9994
0.0330
0.0035
0.0017
381.7326
0.3017
0.1887
0.9593
8.3267
4.0277
0.0315
0.0552
0.0600
0.1230
0.1460
0.1259
0.0755
0.0582
0.2514
0.0733
68.3867
111.5319
44.1170
95.7384
37.8238
89.8770
42.6046
94.3754
67.4869
111.1105
38.6434
90.8411
29.2373
80.6166
39.5809
91.7099
56.3539
104.7642
24.5341
74.6710
16.8330
62.7155
25.2502
75.6152
489.3284
267.6984
0.0451
29.8774
0.4321
45.2829
0.0671
16.6916
-0.0465
11.8315
-0.0910
16.3607
0.0492
7.5795
69.0309
102.3459
0.0000
1135.9225