0.5538
0.6309
0.5534
0.9745
0.9745
295.8549
2.1916
0.9939
0.8898
0.2208
0.0184
0.0021
0.0004
0.0000
0.0001
-0.0000
0.9992
0.0385
0.0038
0.0018
309.9901
0.4405
0.3599
0.9759
7.1942
3.2428
0.0256
0.0426
0.0483
0.0989
0.1165
0.0977
0.0590
0.0455
0.4068
0.0591
56.4209
104.6295
40.1044
91.9390
32.4235
84.3203
38.3000
90.3177
57.1254
105.0605
35.6675
87.7824
26.3883
77.1025
34.4761
86.5707
47.0290
97.9478
23.5113
73.2127
15.9565
61.2165
23.7422
73.5526
393.2182
315.1735
-0.0417
30.2668
-1.0250
38.3318
0.1631
17.7949
-0.1581
11.1219
-0.0328
13.2085
-0.0513
7.4946
59.7518
95.5895
0.0000
1135.9225