1.2782
0.2878
0.2270
0.5221
0.5221
401.0800
1.9402
0.8806
0.8569
0.4529
0.1146
0.0290
0.0028
-0.0000
-0.0009
0.0000
0.9994
0.0331
0.0024
0.0026
317.3147
0.3303
0.2238
0.9688
8.1250
3.8656
0.0309
0.0522
0.0590
0.1163
0.1398
0.1175
0.0716
0.0560
0.2861
0.0706
66.8833
110.6428
43.3791
95.1120
32.3118
84.2868
42.4071
94.3100
68.2959
111.4429
39.0638
91.2559
28.7328
80.0963
38.8973
91.1143
56.0239
104.4891
25.4304
75.9021
17.1786
63.4082
25.6012
76.1480
473.0738
278.9844
-0.6628
23.7926
0.1880
39.8164
-0.0294
15.1887
-0.1759
9.4361
0.0614
18.7564
0.0315
7.5620
66.9816
92.9844
0.0000
1135.9225