0.9608
0.2927
0.2843
0.5933
0.5933
210.7607
1.7930
2.0389
0.8300
0.3063
0.0321
0.0277
0.0024
-0.0000
-0.0004
0.0000
0.9997
0.0251
0.0024
0.0024
363.5692
0.3128
0.1946
0.9644
8.3151
3.9723
0.0310
0.0527
0.0588
0.1205
0.1438
0.1272
0.0764
0.0557
0.2606
0.0733
68.2535
111.4995
44.6103
96.0491
35.9615
88.0093
41.4296
93.2838
66.9786
110.9055
39.0576
91.1783
30.2040
81.7207
38.5014
90.6636
55.0561
103.9165
25.8311
76.3830
18.4979
65.5288
25.4182
75.8456
474.6838
280.0819
0.1201
31.3684
-0.7294
41.7021
0.1338
16.1902
0.0245
13.9272
0.0654
15.1148
0.0024
8.1981
69.3313
101.9415
0.0000
1135.9225