0.5813
0.4217
0.3745
0.8407
0.8407
468.2416
3.2548
0.7642
0.9516
0.2824
0.0395
0.0125
0.0037
0.0000
0.0007
0.0000
0.9996
0.0286
0.0036
0.0011
272.6425
0.4623
0.3635
0.9737
5.8312
3.1097
0.0224
0.0394
0.0460
0.1005
0.1229
0.1011
0.0602
0.0428
0.4112
0.0534
53.0340
102.4703
35.6190
87.4343
33.6717
85.4438
30.6170
82.3836
49.5607
99.9753
27.8675
78.9092
22.6774
71.9971
24.9994
75.4086
36.5327
88.6169
15.3653
60.1032
12.0509
53.5740
13.5561
56.8010
354.5432
282.6197
-0.1635
28.4097
-0.3635
31.7066
-0.0171
14.6897
0.0799
11.1268
-0.0390
14.2331
0.0727
7.8624
49.6386
91.5264
0.0000
1135.9225