0.9773
0.2799
0.2718
0.5640
0.5640
183.1531
1.7304
2.0793
0.8161
0.3181
0.0349
0.0331
0.0031
-0.0000
-0.0006
0.0000
0.9995
0.0312
0.0017
0.0011
317.1715
0.3484
0.2426
0.9647
7.6254
3.7369
0.0316
0.0540
0.0570
0.1132
0.1288
0.1124
0.0722
0.0557
0.3013
0.0737
65.2241
109.9123
40.7274
92.6536
29.1644
80.5533
39.4447
91.4571
63.4066
108.9538
36.4002
88.6065
25.0359
75.3266
35.3102
87.4573
53.9460
103.1763
23.4893
73.2271
15.9239
61.1714
23.9087
73.7977
414.1437
263.8875
-0.2134
26.4216
-0.0800
37.6260
0.2610
16.2245
-0.0331
9.8902
-0.2033
17.4017
-0.0017
7.4156
63.1979
95.4957
0.0000
1129.6902