1.1029
0.3826
0.3806
0.7652
0.7652
302.2997
2.3953
2.0012
0.9087
0.2539
0.0194
0.0116
0.0007
-0.0000
-0.0001
0.0000
0.9969
0.0783
0.0061
0.0008
249.5381
0.5225
0.4363
0.9757
5.2929
2.7429
0.0230
0.0409
0.0414
0.0833
0.1013
0.0865
0.0521
0.0391
0.4789
0.0535
45.5987
96.8714
21.3184
70.2357
23.9844
73.6072
34.3525
85.9360
44.1774
95.6777
20.4152
68.8610
18.2064
65.0206
25.2944
75.4710
33.7710
85.7672
13.0638
55.8736
12.0726
53.5768
16.0924
61.3606
297.7597
280.5525
-1.3607
24.3384
0.2489
29.0977
0.1104
13.0224
0.0368
12.6859
0.0167
12.9363
-0.0536
8.2989
44.1178
85.4716
0.0000
942.7301