0.7610
0.3421
0.3343
0.6920
0.6920
256.2052
2.2308
1.2077
0.8939
0.2776
0.0280
0.0169
0.0023
0.0000
0.0001
-0.0000
0.9954
0.0956
0.0102
0.0012
306.7749
0.4596
0.3702
0.9717
6.2873
3.1059
0.0269
0.0453
0.0457
0.0925
0.1120
0.0964
0.0578
0.0453
0.4177
0.0604
49.6708
100.1044
26.9708
77.9508
26.3852
76.9466
38.8442
90.4533
52.3639
102.0158
23.1726
72.8710
20.6113
68.9001
29.7644
81.0750
42.6783
94.3821
16.8375
62.8833
13.2751
56.0406
19.8698
67.6588
348.0678
289.3767
-0.4208
29.4035
0.7958
35.0106
0.0074
16.8469
-0.1018
11.6509
-0.0693
13.6597
0.0501
8.1127
52.4501
94.3306
0.0000
964.6315