2.5833
0.2413
0.1789
0.4905
0.4905
131.6740
2.0680
1.9573
0.8753
0.5568
0.2247
0.2189
0.1406
0.0245
0.0637
0.0027
0.9995
0.0219
0.0229
0.0074
461.6612
0.3308
0.1081
0.9314
5.9628
3.8175
0.0655
0.0696
0.0477
0.0922
0.1185
0.1211
0.0692
0.0746
0.2088
0.1329
17.2947
63.4430
23.0092
72.2790
71.8278
112.6167
27.1224
77.7356
13.6926
56.8766
15.2274
59.7900
27.0881
77.1730
15.5974
60.4154
10.7978
50.7346
11.8020
52.9120
14.9734
58.7103
12.0291
53.3638
418.3711
228.8672
-0.5298
49.9349
-0.2230
26.2862
0.1262
15.5825
-0.1110
19.9424
-0.0835
13.9475
-0.2024
10.0319
49.3309
119.6081
0.0000
825.5955