2.4954
0.2577
0.1935
0.5174
0.5174
291.7278
2.1600
1.6997
0.8864
0.4748
0.1526
0.1179
0.0658
0.0057
0.0241
-0.0009
0.9998
0.0124
0.0123
0.0047
144.0228
0.4090
0.1663
0.9675
3.4730
3.2724
0.0589
0.0709
0.0420
0.0754
0.1007
0.1024
0.0653
0.0738
0.2711
0.1395
6.4769
39.8235
15.2809
59.9790
40.8117
92.4144
10.6435
50.5767
4.6772
33.9567
6.6657
40.2661
11.2915
51.7742
6.1871
38.8961
4.2517
32.3586
5.1322
35.4204
6.3676
39.1684
4.8280
34.4242
330.0643
187.8356
-0.1908
27.1147
-0.0157
15.0242
-0.0077
9.4960
-0.0851
10.5475
0.0170
7.0597
-0.0235
5.6836
26.4837
68.6096
0.0000
785.3076