2.5147
0.2777
0.2086
0.5588
0.5588
182.7268
2.0982
1.5761
0.8791
0.4729
0.1568
0.1007
0.0554
0.0041
0.0207
-0.0006
0.9996
0.0171
0.0227
0.0057
261.5894
0.3951
0.1484
0.9432
4.3379
3.4233
0.0603
0.0735
0.0465
0.0797
0.0941
0.1068
0.0687
0.0761
0.2552
0.1390
12.9632
55.5482
21.9052
70.7161
50.3083
100.0266
18.3468
65.3421
9.6381
48.1944
12.4151
54.3049
19.8271
67.3241
11.5488
52.5414
8.0647
44.1989
9.5079
47.7722
11.7210
52.5562
8.9613
46.5026
334.9063
189.9673
-0.2487
34.0350
-0.3846
20.3419
0.3733
12.7283
-0.1149
14.3471
-0.0850
9.6452
-0.0221
7.6302
34.5253
91.0488
0.0000
718.7225