2.9538
0.2709
0.1844
0.5446
0.5446
201.4375
2.9225
1.0316
0.9396
0.4487
0.1443
0.0930
0.0582
0.0043
0.0214
-0.0004
0.9995
0.0199
0.0227
0.0069
304.1291
0.3883
0.1589
0.9550
4.6766
3.4250
0.0662
0.0701
0.0432
0.0773
0.0979
0.1024
0.0640
0.0735
0.2682
0.1373
11.3284
52.1836
20.4732
68.6139
56.5851
104.3443
17.9728
64.7396
10.0143
49.1324
12.3649
54.2377
20.3621
68.0275
11.7448
52.9732
8.4910
45.3465
9.3846
47.4762
12.1141
53.2950
9.5303
47.8513
374.0130
228.3978
-0.4140
40.6955
-0.2987
20.2704
-0.0119
13.3451
0.1860
16.2181
0.0824
9.8410
0.1040
8.2984
37.3278
99.3429
0.0000
807.2236