3.7805
0.2324
0.1328
0.4662
0.4662
319.4403
2.6285
1.3067
0.9248
0.7599
0.4922
0.6345
0.5225
0.3007
0.3621
-0.0095
0.9996
0.0173
0.0193
0.0064
298.5652
0.4030
0.1850
0.9606
4.5595
3.3414
0.0663
0.0717
0.0429
0.0725
0.0851
0.0959
0.0620
0.0718
0.2928
0.1390
9.9529
49.0990
20.8229
69.1335
53.0354
101.7496
14.4209
58.4354
9.1103
47.0165
12.2853
54.0805
19.2351
66.1217
10.6441
50.5707
7.8894
43.7765
9.2069
47.0430
12.2526
53.4413
9.0755
46.7558
387.0728
243.1650
0.1572
41.1688
-0.0652
15.5782
0.1791
12.5260
0.1044
17.8113
-0.1062
9.0192
-0.0089
7.9644
35.6484
98.2993
0.0000
796.0528