3.4783
0.2948
0.1810
0.5933
0.5933
165.2455
3.6016
1.0124
0.9607
0.5796
0.2721
0.2135
0.1608
0.0298
0.0827
0.0012
0.9992
0.0267
0.0291
0.0085
332.0564
0.3930
0.1393
0.9349
4.8700
3.4434
0.0623
0.0723
0.0435
0.0818
0.1001
0.1123
0.0688
0.0735
0.2481
0.1374
21.2005
69.9030
29.3538
80.6764
58.8452
105.7108
26.0458
76.4140
12.5149
54.6489
15.5234
60.4241
24.8259
74.4217
16.2399
61.6423
10.5074
50.2140
11.7399
52.9073
15.5024
59.9211
12.4204
54.2744
330.4652
196.8961
-1.4979
42.8189
-0.1740
20.4459
0.0455
14.9647
0.0955
17.0036
-0.0003
9.5701
-0.0228
8.4761
40.0158
102.8446
0.0000
693.1811