2.7500
0.3201
0.2203
0.6029
0.6029
197.6995
2.5361
1.1194
0.9190
0.5730
0.2677
0.1366
0.0934
0.0105
0.0474
0.0007
0.9993
0.0243
0.0273
0.0093
500.9755
0.3913
0.1651
0.9433
5.6499
3.4607
0.0644
0.0715
0.0440
0.0761
0.0937
0.1033
0.0637
0.0721
0.2734
0.1378
20.5806
68.8910
24.9015
74.9969
56.5656
103.7856
27.3296
78.0416
13.7152
57.0473
17.0005
62.9120
24.7044
74.0300
17.0280
62.8872
11.7431
52.8691
12.9479
55.2367
15.2984
59.2972
13.0144
55.3618
399.6301
260.3854
0.1507
47.5090
-0.0181
28.3597
0.1367
17.2715
0.2596
20.1216
0.2575
13.6411
0.0513
11.3581
45.6729
124.0371
0.0000
975.3779