2.3165
0.2632
0.2111
0.5382
0.5382
198.0103
2.2648
1.9396
0.8972
0.4623
0.1529
0.0842
0.0455
0.0028
0.0159
-0.0005
0.9995
0.0191
0.0228
0.0089
356.0265
0.3747
0.1509
0.9597
4.8683
3.4646
0.0710
0.0757
0.0462
0.0742
0.0853
0.0934
0.0611
0.0768
0.2665
0.1500
13.3237
56.2373
20.1655
67.9693
49.6173
99.2903
18.9856
66.2246
9.5125
47.8512
11.8026
52.9398
18.7544
65.3925
10.8738
50.9767
7.4522
42.4544
8.5003
45.1619
10.2522
49.0061
8.0996
44.1628
452.8645
263.5046
0.1113
43.7526
0.0804
23.2145
-0.0746
15.4985
0.1025
17.0521
-0.1675
10.5065
-0.0982
8.8434
37.9800
108.8041
0.0000
996.9764