3.3007
0.2743
0.0395
0.3957
0.3957
526.4221
4.6415
0.4334
0.9765
0.8227
0.4481
1.0353
0.8378
0.7802
0.5607
-0.0158
0.9995
0.0223
0.0204
0.0047
111.2075
0.4519
0.1894
0.9686
3.1487
3.1237
0.0468
0.0637
0.0392
0.0813
0.1039
0.1169
0.0702
0.0662
0.2899
0.1220
5.8102
37.8825
12.1121
53.9088
45.0939
96.1815
7.9406
44.0936
4.5869
33.7294
6.8759
41.0140
15.4329
60.0239
5.6850
37.4498
4.0084
31.5390
5.1228
35.4888
9.2993
47.1135
4.8180
34.4982
238.6964
167.0541
-0.5897
25.2956
-0.0327
9.8457
-0.0463
7.4466
-0.0312
10.1988
-0.0000
5.0733
0.0238
4.4013
24.9205
59.5744
0.0000
585.0709