2.0128
0.2570
0.2117
0.5239
0.5239
173.9686
1.8587
2.1196
0.8429
0.4433
0.1177
0.0958
0.0422
0.0026
0.0125
-0.0007
0.9996
0.0189
0.0208
0.0080
367.6423
0.3588
0.1367
0.9565
5.0967
3.6273
0.0640
0.0698
0.0466
0.0847
0.1099
0.1131
0.0663
0.0739
0.2393
0.1325
14.1751
57.9246
23.1606
72.4407
56.9297
104.3895
17.2233
63.2831
10.3014
49.7681
12.2728
53.9229
19.2999
66.2193
11.5771
52.5240
8.5617
45.4573
9.4094
47.4326
11.4200
51.6302
9.0210
46.5417
430.7237
258.0136
-1.0911
44.7977
-0.6824
25.1558
-0.0531
15.0405
-0.0501
16.5557
-0.1313
12.6105
-0.1302
9.1534
41.0598
108.8502
0.0000
971.8323