2.9545
0.3315
0.2377
0.6830
0.6830
67.3575
2.9697
0.8482
0.9416
0.5447
0.2438
0.0914
0.0609
0.0045
0.0296
-0.0003
0.9988
0.0309
0.0354
0.0105
842.1551
0.2882
0.0887
0.8782
9.1864
4.2033
0.0517
0.0590
0.0458
0.1127
0.1727
0.1735
0.0691
0.0578
0.1606
0.0972
27.5891
78.4277
47.5793
98.3286
106.3927
122.1133
56.4264
104.7193
20.9539
69.3363
24.5739
74.4609
53.3268
101.5630
24.0280
73.6891
19.2096
66.5652
22.6001
71.6308
28.4978
78.4765
21.4337
69.9164
390.9084
213.8607
-0.3234
68.0407
0.2809
32.5976
0.1463
21.9340
0.0974
29.9550
0.4461
16.8699
0.0458
13.5376
77.5006
147.6319
0.0000
844.7875