1.7083
0.2355
0.2042
0.4757
0.4757
236.1718
1.7510
2.0832
0.8209
0.4150
0.0917
0.0905
0.0362
0.0019
0.0088
-0.0007
0.9996
0.0179
0.0203
0.0069
316.7311
0.3659
0.1535
0.9613
4.7913
3.5890
0.0620
0.0679
0.0490
0.0844
0.1091
0.1080
0.0674
0.0694
0.2528
0.1300
12.3189
54.1601
26.8529
77.4053
54.7236
103.1505
20.1065
68.1711
8.8615
46.2126
10.4561
49.9203
18.7771
65.5461
9.6548
48.1959
7.0932
41.4280
7.8116
43.3113
9.3193
46.8880
7.6509
42.9739
441.6613
251.7041
0.2006
41.2571
-0.2714
22.5484
-0.0098
14.0736
-0.0197
15.7558
-0.2356
11.5193
-0.0709
8.6777
38.1802
100.5604
0.0000
992.3840