2.4677
0.2522
0.1862
0.5094
0.5094
163.7836
1.9521
1.4985
0.8588
0.5841
0.2711
0.1896
0.1301
0.0204
0.0661
-0.0015
0.9991
0.0289
0.0296
0.0098
394.2640
0.3697
0.1376
0.9370
5.4595
3.5736
0.0613
0.0693
0.0462
0.0822
0.1110
0.1172
0.0668
0.0694
0.2443
0.1323
15.5990
60.5260
33.3309
85.1797
67.6052
110.5478
23.5527
73.2173
12.6232
54.8086
16.1560
61.5229
27.6790
78.0052
14.5069
58.5504
11.5050
52.3941
12.5803
54.6196
15.8558
60.4429
12.1811
53.8320
360.8650
216.1495
0.1721
49.1439
-0.0647
23.0197
0.0350
14.8212
0.0402
17.7552
-0.1281
12.4972
0.0236
9.1645
44.7656
110.7603
0.0000
783.9758