3.0909
0.3227
0.2106
0.6508
0.6508
248.8877
5.0488
0.1558
0.9802
0.3977
0.1177
0.0333
0.0207
0.0005
0.0071
-0.0000
0.9996
0.0193
0.0211
0.0067
380.4768
0.4211
0.2129
0.9525
5.0217
3.3291
0.0553
0.0601
0.0416
0.0781
0.1103
0.1099
0.0615
0.0626
0.3068
0.1139
15.8438
61.0390
26.9046
77.5039
59.8769
106.1770
20.5031
68.7404
11.5686
52.6111
14.3473
58.0991
23.2455
72.1265
13.2414
56.0859
9.2199
47.1013
10.6110
50.2964
13.1994
55.3293
10.2819
49.6297
357.3515
245.7584
-0.4066
47.8535
-0.2052
23.3386
-0.0979
14.6503
0.0833
16.8802
0.0681
10.9764
0.0376
9.1138
41.7237
110.5101
0.0000
840.9518