3.2562
0.2641
0.1693
0.5323
0.5323
410.9126
3.0455
1.0911
0.9446
0.5186
0.2088
0.1456
0.1031
0.0126
0.0463
-0.0006
0.9998
0.0122
0.0143
0.0046
134.8079
0.4359
0.1637
0.9673
3.0727
3.0985
0.0594
0.0784
0.0414
0.0702
0.0789
0.0937
0.0718
0.0809
0.2781
0.1472
6.3011
39.2726
11.1487
51.7114
29.4388
80.4709
9.4528
47.7866
4.8358
34.5381
6.3472
39.3768
10.3266
49.5465
6.1478
38.7945
3.8463
30.8189
4.7390
34.1025
6.4494
39.3808
4.6831
33.9153
301.7985
177.5006
0.0185
27.7716
-0.0281
13.7649
0.0347
9.4812
-0.0487
10.8384
0.0582
6.7129
-0.0280
5.3521
22.8105
67.5645
0.0000
883.2497