3.0741
0.3458
0.2357
0.6772
0.6772
86.0235
3.8815
0.9479
0.9662
0.5310
0.2210
0.1485
0.1064
0.0134
0.0492
-0.0006
0.9985
0.0326
0.0415
0.0161
535.1719
0.3589
0.0999
0.8800
6.7413
3.7585
0.0615
0.0670
0.0462
0.0950
0.1164
0.1422
0.0791
0.0673
0.1994
0.1259
28.0473
79.2466
42.4631
93.9704
76.5849
114.4210
36.1244
88.0260
21.9994
71.0695
27.3331
78.1009
39.8177
90.8498
25.5087
75.8138
17.2587
63.5408
20.2933
68.2989
27.3097
77.3935
19.6685
67.3692
281.1359
182.5804
-1.0401
49.3759
-1.2378
25.1285
1.1263
18.0411
-0.0604
21.5323
0.0553
13.2676
0.0773
9.7402
56.9260
124.2122
0.0000
623.0265