2.9153
0.3552
0.2485
0.7269
0.7269
180.5687
2.9495
1.0374
0.9408
0.4486
0.1571
0.0438
0.0264
0.0009
0.0103
-0.0001
0.9995
0.0197
0.0248
0.0081
241.3544
0.4129
0.1615
0.9475
4.2210
3.3016
0.0596
0.0706
0.0423
0.0795
0.0928
0.1088
0.0687
0.0713
0.2709
0.1356
9.6789
48.4408
17.3017
63.6242
61.4901
107.3626
14.5636
58.7682
7.9402
44.0293
10.6214
50.5474
21.1303
69.1102
10.4807
50.2856
7.5490
42.9044
8.9289
46.4569
13.5602
56.1981
8.4926
45.3984
310.1721
187.9856
-1.1199
37.5183
-0.2059
15.0350
-0.0531
10.6760
-0.0431
14.7307
-0.1244
7.9367
0.0537
6.8465
33.7780
87.8564
0.0000
664.1461