3.0484
0.2654
0.1790
0.5248
0.5248
197.6489
2.4005
1.5860
0.9091
0.6641
0.3607
0.3430
0.2590
0.0771
0.1527
-0.0039
0.9994
0.0197
0.0264
0.0111
428.6495
0.3616
0.1245
0.9318
5.5634
3.6290
0.0640
0.0721
0.0477
0.0842
0.1085
0.1206
0.0674
0.0717
0.2313
0.1325
16.9002
62.9708
29.2453
80.4939
67.0613
110.0808
26.8996
77.8245
13.1342
55.8972
16.1111
61.4243
28.0974
78.3428
15.5689
60.5353
11.1633
51.6826
12.5101
54.4285
16.4921
61.4659
12.3231
54.1209
374.7453
214.0697
-0.2690
52.5142
-0.2240
21.2848
0.0014
15.5088
-0.0069
19.2083
0.1779
11.7505
0.0252
10.3751
45.4516
115.1654
0.0000
810.7984