3.1176
0.2181
0.1412
0.4379
0.4379
277.0417
2.5592
1.2539
0.9205
0.5726
0.2485
0.3409
0.2580
0.0764
0.1255
0.0044
0.9996
0.0194
0.0212
0.0071
343.2198
0.3752
0.1616
0.9551
5.0271
3.5271
0.0618
0.0679
0.0452
0.0857
0.1070
0.1080
0.0647
0.0687
0.2625
0.1284
11.7946
53.1369
19.4738
67.1115
60.3384
106.4826
24.2832
74.0467
9.7527
48.4817
11.0117
51.3260
23.8807
73.1834
12.7688
54.9707
7.9586
43.8855
9.0313
46.6042
11.7949
52.5174
9.4255
47.4786
407.0235
243.5882
-0.0521
44.1408
-0.0330
20.5777
-0.1463
15.1098
0.0309
17.5589
0.0793
10.7486
-0.0838
9.1528
40.6987
104.7683
0.0000
860.4557