2.6135
0.2124
0.1503
0.4268
0.4268
454.8288
2.0893
1.0218
0.8780
0.4643
0.1493
0.1196
0.0714
0.0065
0.0262
-0.0008
0.9999
0.0100
0.0110
0.0034
136.1057
0.4077
0.1547
0.9685
3.3684
3.3122
0.0585
0.0739
0.0460
0.0775
0.0914
0.1047
0.0717
0.0769
0.2603
0.1391
6.3936
39.5034
9.7452
48.4492
43.9824
95.2793
5.5236
36.8857
5.5676
36.9870
5.9378
38.1145
9.9976
48.7229
5.1139
35.5335
4.8409
34.4788
4.9688
34.8947
6.6407
39.9608
4.8398
34.5285
332.0995
184.7409
-0.9465
26.3418
0.1380
12.9464
-0.0311
8.4418
0.0652
10.4212
-0.1107
6.6798
-0.0407
5.4669
25.1587
65.2920
0.0000
734.7721