0.4842
0.4724
0.4097
0.9525
0.9525
104.2163
4.1868
3.2617
0.9711
0.2856
0.0438
0.0107
0.0035
0.0000
0.0007
-0.0000
1.0000
0.0000
0.0000
0.0000
577.2872
0.3599
0.3161
0.9179
13.0236
3.7755
0.0540
0.0621
0.0508
0.0772
0.0931
0.0624
0.0468
0.0578
0.3924
0.1034
61.5138
108.0136
61.5021
108.3031
76.6997
115.2652
78.9756
116.3271
48.0099
98.7531
45.2661
96.7085
64.5083
109.5082
58.0959
105.8757
40.9838
92.8652
42.2670
94.1584
57.8691
105.6197
53.9604
103.1684
274.5275
223.5458
0.4705
41.9352
0.2357
39.1589
-0.3597
21.8891
0.1966
19.6545
-0.2500
16.5961
0.1229
10.5917
92.8169
110.4634
0.0000
1045.4664