1.0465
0.4522
0.3448
0.8136
0.8136
60.8278
3.0117
0.6166
0.9433
0.2211
0.0115
0.0051
0.0003
-0.0000
-0.0000
0.0000
1.0000
0.0000
0.0000
0.0000
828.8310
0.4781
0.4413
0.9057
13.5268
3.1695
0.0258
0.0377
0.0427
0.0926
0.1119
0.0736
0.0341
0.0346
0.4949
0.0520
75.0497
114.2781
77.4361
115.1832
80.6552
115.8036
84.0112
117.3185
59.7658
106.7672
55.1384
103.9018
62.6300
107.9196
61.8621
107.8369
41.1889
92.9805
43.8925
95.4247
50.7296
100.3671
49.8829
99.9084
233.3242
239.1266
-3.6289
61.8551
0.4609
49.9297
0.4102
23.8531
-0.4042
24.5127
0.3347
20.1421
-0.1704
13.4140
111.5263
148.7162
0.0000
1084.1817