1.5217
0.4615
0.4697
0.9253
0.9253
40.4971
5.6764
0.1872
0.9844
0.2609
0.0286
0.0093
0.0018
0.0000
0.0002
0.0000
1.0000
0.0000
0.0000
0.0000
1272.9717
0.3907
0.3401
0.8006
16.8679
3.6193
0.0388
0.0525
0.0519
0.0749
0.1367
0.0727
0.0383
0.0410
0.4188
0.0744
72.8628
114.0694
65.3636
110.0515
91.0109
119.0377
101.9563
121.7304
39.3942
91.4254
54.0705
103.4103
75.6484
113.6024
80.8037
116.1718
40.1022
92.1973
41.7682
93.5931
64.7534
108.8295
63.7529
108.6733
228.6104
187.4302
1.2479
80.9545
2.3021
38.0458
1.9479
35.6043
0.7344
32.7671
0.4802
18.8598
-0.0406
15.9905
130.8241
177.3751
0.0000
1047.4015