3.7600
0.4338
0.1630
0.4665
0.4665
96.0471
7.7996
0.1879
0.9917
0.5454
0.2463
0.1415
0.1222
0.0161
0.0605
-0.0002
1.0000
0.0000
0.0000
0.0000
1024.0963
0.4213
0.3747
0.9032
15.2837
3.3926
0.0536
0.0628
0.0448
0.0622
0.0741
0.0559
0.0381
0.0550
0.4585
0.0951
67.8423
110.9907
76.2780
115.2477
87.0055
118.0792
66.7602
110.5064
48.5295
98.9205
57.9675
105.6668
70.7997
112.2474
54.9977
103.5140
47.6457
98.3459
51.9061
101.4561
63.1148
108.4058
51.5035
101.1863
284.9223
267.0195
0.7075
67.4431
-1.5056
47.1823
0.5040
24.6371
-0.1182
27.0700
-0.6248
21.7095
-0.1796
15.8262
110.4966
155.2093
0.0000
1116.7095