0.4333
0.5397
0.4634
0.9461
0.9461
31.3849
4.2970
0.4050
0.9725
0.2837
0.0472
0.0064
0.0023
0.0000
0.0005
0.0000
1.0000
0.0000
0.0000
0.0000
1219.8109
0.2599
0.2157
0.8890
21.1346
4.3989
0.0373
0.0514
0.0523
0.1214
0.2185
0.0971
0.0299
0.0299
0.2866
0.0756
123.6741
119.9869
87.8478
118.9413
77.7516
115.9891
82.0084
117.8445
96.2306
120.4041
83.9552
118.5931
52.4463
101.8084
59.6004
106.8400
83.7927
118.0949
63.1951
109.1145
49.3716
99.5599
48.8506
99.3770
332.7564
266.2047
-8.5641
47.6788
1.6474
86.9768
-0.1346
23.1101
-2.3357
22.2672
-0.3636
30.6845
-0.4336
13.6633
170.2549
155.8886
0.0000
1094.0649