1.7917
0.5119
0.4513
0.8567
0.8567
97.1290
3.1832
1.2281
0.9494
0.2155
0.0125
0.0038
0.0010
0.0000
0.0001
0.0000
1.0000
0.0000
0.0000
0.0000
325.8747
0.4248
0.3629
0.9380
9.0596
3.3025
0.0516
0.0598
0.0465
0.0663
0.0746
0.0582
0.0483
0.0574
0.4388
0.0985
44.3796
95.8523
52.7320
102.3054
54.6053
103.4476
42.2066
93.9752
37.8166
89.8817
40.6037
92.5670
40.9116
92.7780
34.2694
86.3749
33.1519
85.0373
36.9539
89.1604
38.2517
90.3976
32.3897
84.4021
202.9904
194.8041
-0.0779
35.5318
-0.9121
30.0100
0.2529
15.6941
-0.2398
14.3932
0.4589
13.2752
-0.1087
7.9562
63.7724
88.1751
0.0000
710.7208