1.1196
0.4420
0.1489
0.4957
0.4957
136.6933
1.2299
2.4195
0.5822
0.4537
0.0390
0.0328
0.0038
0.0000
-0.0004
-0.0000
1.0000
0.0000
0.0000
0.0000
536.7201
0.3186
0.2562
0.9023
13.0910
3.9359
0.0636
0.0720
0.0564
0.0703
0.0764
0.0662
0.0527
0.0704
0.3491
0.1230
62.6272
108.3455
56.4727
104.7802
62.9457
108.7054
53.2216
102.7766
50.4493
100.6159
47.3180
98.2590
54.8573
103.5244
51.9611
101.8136
44.0888
95.6803
47.3045
98.2909
56.8530
104.9627
45.7646
97.0623
245.0932
194.9227
1.4787
41.2232
0.3407
36.9573
-0.8374
19.5239
1.0997
20.2235
-0.1570
14.8749
0.0232
10.8609
85.3162
101.6576
0.0000
945.0767