4.2273
0.5853
0.3245
0.9345
0.9345
94.3665
5.9078
0.3151
0.9856
0.4717
0.1891
0.0214
0.0149
0.0003
0.0065
-0.0000
1.0000
0.0000
0.0000
0.0000
1254.1586
0.3152
0.2626
0.9181
20.5261
4.0466
0.0580
0.0809
0.0481
0.0693
0.0926
0.0698
0.0456
0.0685
0.3449
0.1225
78.2302
115.7235
77.8990
116.0940
99.1409
120.0372
87.1590
119.1079
57.8811
105.6571
60.3317
107.3377
82.9404
116.6870
71.2098
112.9358
52.5183
102.0604
57.6161
105.5932
76.6829
114.4028
64.4610
109.5615
459.5887
329.9959
9.0703
82.6395
2.6861
42.5166
-0.7695
26.8756
0.7853
32.1823
1.2974
21.1221
-0.1857
15.8120
144.2720
152.4372
0.0000
1055.4241