0.8000
0.4163
0.2303
0.5449
0.5449
69.0292
6.8205
0.0830
0.9892
0.3548
0.0206
0.0179
0.0028
-0.0000
-0.0004
0.0000
1.0000
0.0000
0.0000
0.0000
451.6706
0.4072
0.3359
0.9197
9.5568
3.4516
0.0443
0.0590
0.0570
0.0696
0.0972
0.0688
0.0515
0.0469
0.4215
0.0843
72.8803
113.8536
58.5489
106.1894
43.6519
95.4578
55.8380
104.0787
49.5472
100.1000
41.8616
93.6567
37.1781
89.4001
47.6131
98.2868
39.6010
91.7143
36.1260
88.2216
32.3953
84.3429
40.2578
92.0864
214.0864
197.1991
0.6386
36.2466
0.9455
43.0353
0.4568
17.9174
-0.1818
16.2001
0.0091
16.4651
-0.0591
10.5886
74.1830
107.8680
0.0000
1123.7909