1.4091
0.3508
0.1976
0.6662
0.6662
74.6326
1.4168
1.5407
0.7084
0.3819
0.0596
0.0328
0.0048
0.0000
0.0003
-0.0001
1.0000
0.0000
0.0000
0.0000
713.0796
0.3715
0.3191
0.9114
12.4938
3.6895
0.0428
0.0596
0.0508
0.0812
0.1123
0.0777
0.0535
0.0477
0.3969
0.0775
85.7191
118.6461
74.9882
114.6284
81.4270
116.8930
64.4173
109.7364
50.8243
100.6579
57.2510
105.3367
54.3955
103.1834
48.5010
99.2532
40.9034
92.6031
48.3688
99.0861
52.7645
102.2532
39.9058
91.9290
284.3096
238.4331
0.3610
47.8888
-1.2860
44.5827
0.3860
24.7898
0.4363
22.6007
-0.3420
18.0737
0.0290
13.0945
96.6891
131.8511
0.0000
1051.5607