0.9306
0.4779
0.4337
0.7993
0.7993
96.9383
2.3580
1.4074
0.9056
0.1997
0.0060
0.0012
0.0001
0.0000
-0.0000
0.0000
1.0000
0.0000
0.0000
0.0000
604.1669
0.4697
0.4251
0.9224
11.7258
3.1827
0.0299
0.0396
0.0441
0.0841
0.1140
0.0741
0.0420
0.0370
0.4770
0.0581
64.3932
109.1769
73.5122
113.3881
65.1021
109.6157
57.7433
105.4357
48.6567
98.9908
57.8590
105.2919
53.9883
102.8206
47.4468
98.2679
40.6111
92.4319
47.1978
97.9721
46.2456
97.1341
40.3730
92.3164
231.8487
231.4797
-1.0585
46.9009
0.3069
48.6611
-0.0870
23.7923
0.3073
19.8411
0.0406
18.6343
-0.1986
10.5292
95.8869
128.6503
0.0000
900.7108