0.9231
0.4639
0.1327
0.5345
0.5345
122.4298
1.1038
2.4818
0.4234
0.3607
0.0207
0.0292
0.0045
-0.0000
-0.0001
-0.0001
1.0000
0.0000
0.0000
0.0000
479.9597
0.5284
0.4715
0.9009
9.0296
2.7533
0.0386
0.0479
0.0402
0.0572
0.0697
0.0591
0.0409
0.0426
0.5340
0.0697
56.1633
104.1735
56.7265
104.8878
60.2785
106.9049
68.6459
112.0516
35.1041
86.9890
41.5914
93.2990
46.9706
97.7446
40.9160
92.8718
27.9409
78.9025
35.1363
87.1153
40.9785
92.6315
32.8545
84.7451
160.5492
181.1983
2.7107
37.3183
-0.1040
33.6309
-1.0129
20.4048
0.3973
17.2465
-0.2342
15.9468
0.1566
10.4952
68.4314
114.2258
0.0000
1121.0602