0.7381
0.3675
0.3594
0.7465
0.7465
50.8037
3.7986
0.3275
0.9647
0.2791
0.0241
0.0183
0.0029
0.0000
0.0001
-0.0000
1.0000
0.0000
0.0000
0.0000
1376.4697
0.2379
0.1638
0.9049
21.2340
4.5057
0.0432
0.0795
0.0539
0.1123
0.1299
0.1088
0.0633
0.0627
0.2236
0.1227
92.3898
120.0124
82.0627
117.6337
95.5533
119.4819
99.6293
121.1160
80.8283
116.5231
74.8135
114.5494
84.7205
117.4116
81.6316
116.7639
68.4621
111.4164
65.3473
110.0365
75.8299
114.5897
72.7590
113.3831
626.0391
311.0912
-8.2641
71.1538
6.7563
60.4635
0.7000
35.1076
-1.9589
31.0299
1.3903
27.8451
0.0831
16.6024
166.9565
166.3550
0.0000
1139.9482