1.0000
0.6536
0.1218
0.6707
0.6707
108.8946
1.0774
3.3952
0.3722
0.2921
0.0031
0.0002
0.0001
0.0000
-0.0000
-0.0000
1.0000
0.0000
0.0000
0.0000
458.8757
0.5126
0.4514
0.9276
9.5181
2.8896
0.0358
0.0462
0.0413
0.0639
0.0899
0.0603
0.0376
0.0429
0.5143
0.0677
50.4155
100.1987
66.5950
110.1993
52.0133
101.4918
48.4017
98.8966
36.3207
88.3793
46.4438
97.4440
40.4532
92.2260
36.2531
88.2291
32.0332
83.8745
37.2382
89.3007
37.3389
89.2843
30.8713
82.5067
163.7869
206.7143
-1.2994
43.3496
-1.4144
39.0303
-0.1756
16.5102
0.0493
17.7912
0.0066
15.4660
0.1190
9.6253
73.7473
116.5162
0.0000
936.4497