0.8235
0.5467
0.5553
0.9084
0.9084
42.6382
3.8740
0.4307
0.9661
0.2211
0.0162
0.0029
0.0002
-0.0000
-0.0000
0.0000
1.0000
0.0000
0.0000
0.0000
1547.8485
0.4277
0.3842
0.8512
18.2631
3.3641
0.0543
0.0553
0.0475
0.0739
0.0656
0.0656
0.0388
0.0424
0.4734
0.0832
93.2217
120.2507
107.8594
122.1786
97.7039
121.2118
81.1437
117.0489
66.0915
110.1609
84.5840
117.7026
78.8041
115.7860
67.3819
110.7753
61.4827
107.5183
73.2331
113.5206
68.2367
111.2217
60.1137
106.7852
247.9015
253.9186
2.9697
66.1789
3.7159
58.0897
-3.0795
42.0802
0.8696
30.7121
1.4447
25.6073
-0.1067
16.9026
135.6926
184.7843
0.0000
1085.1028