1.2203
0.3056
0.0835
0.4685
0.4685
91.6790
2.2426
0.7506
0.8951
0.4131
0.0460
0.0386
0.0058
0.0001
-0.0000
0.0000
1.0000
0.0000
0.0000
0.0000
959.0822
0.3664
0.2632
0.9312
13.4900
3.7119
0.0447
0.0607
0.0421
0.0878
0.1165
0.0850
0.0516
0.0499
0.3482
0.1135
74.2036
114.0337
88.3981
118.3558
86.6834
118.1473
77.3927
115.5164
46.7274
97.6454
57.9701
105.3405
59.6535
106.2668
51.3385
101.2621
41.7900
93.5399
46.4218
97.1311
50.1949
100.1662
41.3387
93.1223
326.6009
311.6511
1.5398
69.5507
0.6565
53.1705
0.8657
26.9476
0.5931
27.7552
1.1069
21.5388
0.4329
14.0515
110.2184
164.5318
0.0000
1140.3947