1.1463
0.4429
0.2342
0.6241
0.6241
60.9592
5.0275
0.0245
0.9800
0.3370
0.0357
0.0182
0.0036
0.0000
0.0004
-0.0000
1.0000
0.0000
0.0000
0.0000
1009.7531
0.5059
0.4672
0.8956
12.5948
2.9504
0.0340
0.0390
0.0455
0.0783
0.0733
0.0680
0.0381
0.0375
0.5278
0.0585
84.5582
118.1767
90.0520
118.4049
81.3768
116.9692
68.6274
111.4848
53.2417
102.3842
64.9574
109.2016
55.8366
104.2406
48.0041
98.7622
42.4294
93.9697
49.9956
99.8170
44.6516
95.9935
37.6575
89.6060
235.7338
253.1395
-0.4167
47.7485
0.4259
57.1587
-1.4560
32.6635
0.2894
24.4426
-0.1921
24.5509
0.1007
16.2225
102.9502
165.1071
0.0000
1128.3590