0.8889
0.5001
0.4671
0.8942
0.8942
106.9628
3.4426
0.1324
0.9569
0.2124
0.0106
0.0034
0.0001
-0.0000
-0.0000
-0.0000
1.0000
0.0000
0.0000
0.0000
657.5087
0.7040
0.6761
0.9328
8.5069
1.8057
0.0155
0.0227
0.0202
0.0527
0.0661
0.0441
0.0217
0.0136
0.7093
0.0340
52.8166
102.0337
50.1087
99.6634
51.1926
99.9785
55.9717
103.6765
34.3224
86.2575
36.8459
88.4571
33.5843
85.0880
39.2483
90.7634
23.7233
73.4479
29.2411
80.3193
28.4233
79.2126
29.3053
80.3877
154.9816
257.6601
-1.1672
54.2503
-1.3189
48.2162
0.4489
19.6656
-0.2119
23.9721
-0.0300
18.1588
0.0061
10.5661
73.4830
149.0894
0.0000
1135.0313