4.2857
0.5791
0.2273
0.7091
0.7091
91.2197
5.5718
0.5970
0.9838
0.6776
0.4058
0.0615
0.0533
0.0031
0.0340
-0.0000
1.0000
0.0000
0.0000
0.0000
540.5400
0.4858
0.4387
0.9094
10.3980
3.0719
0.0267
0.0383
0.0466
0.0846
0.1075
0.0711
0.0428
0.0342
0.4937
0.0546
57.2682
105.2250
72.2443
113.2405
77.8703
115.2747
70.8846
112.8874
48.8831
99.5272
53.1191
102.4308
60.8172
107.1432
48.6000
99.2280
35.8083
87.9207
37.9129
89.9298
49.7088
99.9334
34.9051
86.8843
198.0799
199.2852
-0.5390
52.5343
-1.1656
37.6102
0.6784
23.1938
-0.3510
21.1613
0.5758
14.0596
0.2144
9.1107
86.8439
123.2864
0.0000
1014.4890