0.8108
0.2878
0.1571
0.3799
0.3799
46.2279
3.0796
0.1229
0.9458
0.4930
0.0402
0.0603
0.0173
-0.0005
-0.0034
-0.0001
1.0000
0.0000
0.0000
0.0000
1096.0770
0.3563
0.3262
0.8498
18.7688
3.8198
0.0506
0.0583
0.0542
0.0875
0.0923
0.0655
0.0452
0.0536
0.4179
0.0750
93.3054
120.2801
91.2893
120.1558
86.6524
119.1686
92.0286
120.4351
67.5744
110.9079
75.6280
114.3666
70.8202
112.6152
62.8083
108.7164
59.9714
106.7699
69.7012
112.0017
67.0185
110.7071
62.9881
108.7810
249.7701
213.4734
-2.8594
54.3006
-5.5960
58.4378
0.5513
27.5442
-0.9512
24.6948
0.3940
27.2472
0.2917
15.0777
137.0429
142.1186
0.0000
823.5581