0.7805
0.8586
0.4944
0.9085
0.9085
50.6065
3.0813
0.5264
0.9459
0.1870
0.0036
0.0001
0.0000
-0.0000
-0.0000
0.0000
1.0000
0.0000
0.0000
0.0000
309.6689
0.3643
0.2867
0.8000
9.0503
3.6766
0.0473
0.0572
0.0694
0.0945
0.0953
0.0884
0.0534
0.0465
0.3720
0.0762
89.3933
120.3525
90.7698
121.0458
62.2569
108.7567
68.1052
112.2721
65.4062
110.4355
65.5907
110.6626
51.9223
101.9865
57.5899
105.8879
43.9466
95.7566
48.0244
99.0940
46.4688
97.8936
43.5427
95.2684
127.3438
97.8623
1.4744
23.2966
1.4176
27.2253
-1.2017
16.9962
0.5104
12.9953
0.1830
14.1444
-0.8080
9.2678
70.2578
76.6513
0.0000
564.5122