0.6818
0.9022
0.4430
0.9369
0.9369
78.4922
1.2801
2.2646
0.6243
0.1818
0.0045
0.0001
0.0000
0.0000
0.0000
-0.0000
0.9927
0.0538
0.1052
0.0233
309.9027
0.4193
0.1966
0.8225
7.1846
3.3945
0.0704
0.0613
0.0451
0.0916
0.0842
0.1061
0.0542
0.0657
0.3084
0.1131
79.5808
116.6742
63.1845
109.4420
54.6848
103.7979
55.5327
104.2974
48.3747
99.1121
48.8758
99.7760
28.3811
79.5513
36.6424
88.7894
35.1939
87.2990
34.4040
86.5680
23.0394
72.5486
31.3818
83.1846
103.1532
100.6789
-0.8297
22.6702
0.6140
31.6958
-0.9326
14.8523
-0.7299
13.1176
0.1858
14.8072
0.1410
8.7812
57.2906
84.0569
0.0000
497.4173