0.9111
0.9539
0.7836
1.0000
1.0000
59.4645
0.0000
0.0000
0.0000
0.1674
0.0003
0.0000
0.0000
0.0000
0.0000
-0.0000
0.9965
0.0380
0.0692
0.0263
196.7640
0.4388
0.2220
0.8504
5.8088
3.2226
0.0645
0.0650
0.0363
0.1014
0.0851
0.0894
0.0596
0.0618
0.3328
0.1041
58.8228
106.6947
29.4119
81.1130
27.3675
78.2866
65.5051
110.5212
29.8358
81.4763
19.5767
67.6975
18.3220
65.3865
43.0206
94.9308
25.9463
76.4514
16.2412
62.0417
18.4645
65.6306
29.0108
80.4027
95.1004
91.3185
-1.4375
17.7982
-1.0852
21.3779
-0.7064
10.5711
-0.7961
9.2740
-0.4545
13.7357
0.3261
6.6786
43.1034
63.4460
0.0000
385.5645