1.0800
0.9619
0.7842
1.0000
1.0000
72.1805
0.0000
0.0000
0.0000
0.1672
0.0002
0.0000
0.0000
-0.0000
-0.0000
-0.0000
0.9939
0.0518
0.0883
0.0409
220.1698
0.4466
0.2332
0.8221
6.2475
3.1819
0.0674
0.0641
0.0437
0.0815
0.0659
0.1056
0.0511
0.0556
0.3507
0.1144
56.1148
105.0089
47.9685
99.1348
68.0848
111.9960
75.7707
115.1710
33.5859
85.8009
34.4319
86.7839
33.0000
85.1373
43.4344
95.1426
31.0167
82.9703
27.8941
79.2286
29.7941
81.4703
36.6104
88.7981
81.4670
82.7410
-0.7885
26.2369
0.0687
23.2897
0.4121
14.5122
-0.2252
12.5291
0.3733
10.2251
0.0667
8.7739
48.9206
69.5535
0.0000
396.6762