1.2985
0.9738
0.7718
1.0000
1.0000
108.4068
0.0000
0.0000
0.0000
0.1725
0.0020
0.0000
0.0000
0.0000
0.0000
0.0000
0.9960
0.0472
0.0730
0.0215
111.8897
0.5780
0.3411
0.8577
3.6033
2.4756
0.0573
0.0547
0.0216
0.0602
0.0660
0.0872
0.0527
0.0499
0.4610
0.0894
23.5900
73.6122
26.9993
78.2135
43.3869
95.2487
31.8295
83.9359
11.8624
53.5061
19.2844
67.1626
27.0600
77.9903
20.1657
68.5303
12.0815
53.9450
14.6737
59.1210
19.5083
67.2917
15.4649
60.6103
65.3690
69.8064
0.7460
18.9596
0.2045
14.4307
0.3810
8.2227
0.0575
10.1294
0.0027
6.2056
0.1872
5.6394
27.4187
53.1076
0.0000
458.2074