1.1562
0.9711
0.7812
1.0000
1.0000
96.4263
0.0000
0.0000
0.0000
0.1685
0.0006
0.0000
0.0000
0.0000
0.0000
0.0000
0.9913
0.0531
0.1191
0.0162
156.0868
0.5240
0.3244
0.8649
4.8166
2.7627
0.0612
0.0621
0.0293
0.0817
0.0553
0.0777
0.0490
0.0534
0.4388
0.0914
55.6905
104.7428
36.6997
89.1089
42.5519
94.3046
59.2004
106.9341
30.4470
82.2808
24.3366
74.6054
24.4470
74.6161
39.1936
91.3931
22.0182
71.2350
17.1442
63.5797
18.0156
64.9715
25.9554
76.6320
71.7771
84.0829
0.5025
22.8709
-1.1472
22.8621
-0.9613
12.2699
0.1056
8.9358
-0.2627
9.0568
0.0507
6.1897
38.8727
63.8616
0.0000
424.3230