0.4800
0.9593
0.6849
1.0000
1.0000
81.8598
0.0000
0.0000
0.0000
0.2156
0.0187
0.0000
0.0000
0.0000
0.0000
0.0000
0.9931
0.0764
0.0834
0.0320
261.9278
0.4213
0.1821
0.8107
6.5568
3.3849
0.0644
0.0693
0.0411
0.0889
0.1011
0.1296
0.0644
0.0678
0.2789
0.0944
72.6459
113.8170
75.0178
115.3289
36.4296
88.5215
46.6652
98.1404
48.2919
98.9819
40.4222
92.5253
22.1211
71.3644
33.2907
85.4228
38.5259
90.5860
32.0619
83.9998
21.5441
70.5390
25.3367
75.8081
102.1784
86.6590
0.3947
25.1155
0.8129
35.1078
0.9883
13.6154
-0.3845
9.7560
0.1287
13.9531
-0.0263
8.8550
51.4855
76.8255
0.0000
445.8991