1.4483
0.7978
0.2281
0.8216
0.8216
100.6878
1.8321
2.1139
0.8379
0.2375
0.0113
0.0002
0.0001
-0.0000
-0.0000
-0.0000
0.9985
0.0316
0.0425
0.0125
322.3291
0.4019
0.2249
0.8540
7.2302
3.5176
0.0501
0.0626
0.0458
0.1020
0.1125
0.1030
0.0601
0.0562
0.3218
0.0858
58.0339
106.0659
49.1474
99.9951
72.0244
113.4346
72.1591
113.4349
37.5105
89.6954
34.2732
86.4668
44.1702
95.7325
56.1923
104.7276
28.2399
79.5348
27.9142
79.1335
31.9823
83.7798
36.6533
88.7764
142.4698
117.8913
-0.0794
32.1712
0.6079
27.9490
0.3921
15.5508
-0.4306
15.6388
0.0398
12.1669
-0.0324
9.3224
59.4411
88.0733
0.0000
562.8730