0.6182
0.9529
0.7396
1.0000
1.0000
63.2853
0.0000
0.0000
0.0000
0.1873
0.0073
0.0000
0.0000
0.0000
-0.0000
0.0000
0.9865
0.0825
0.1351
0.0406
240.7086
0.4772
0.2617
0.7888
6.4968
3.0075
0.0797
0.0722
0.0332
0.0674
0.0529
0.0765
0.0567
0.0594
0.3861
0.1160
66.4027
110.6672
65.8631
110.9617
54.1011
103.6350
61.6626
108.5638
46.2797
97.6309
47.2337
98.5786
32.7380
84.9084
34.9102
87.2425
40.2770
92.4012
36.0171
88.3189
25.6241
76.2690
30.8214
82.6859
65.9246
77.6473
1.2262
23.6755
0.2897
28.2581
-1.8849
14.9344
-0.2857
8.0545
0.0651
12.2445
0.0798
8.3748
49.0662
71.7504
0.0000
357.8212