1.4627
0.8843
0.3655
0.9070
0.9070
117.3245
5.6335
0.3488
0.9841
0.2081
0.0076
0.0001
0.0000
-0.0000
-0.0000
0.0000
0.9986
0.0273
0.0441
0.0095
194.5118
0.4210
0.2453
0.8706
6.0166
3.3800
0.0465
0.0591
0.0428
0.0975
0.1101
0.0978
0.0632
0.0556
0.3357
0.0918
48.3958
99.3591
42.2475
94.2751
59.4369
107.0595
60.5600
107.7481
33.5105
85.6136
31.9925
83.9752
40.1095
92.2778
39.8210
92.0436
23.7714
73.6621
23.5309
73.3727
27.3605
78.4275
29.4165
81.0062
113.5718
99.0938
-0.8929
23.8430
-0.7212
21.8134
0.7200
13.0013
0.0996
10.7259
-0.2215
10.7038
-0.0486
6.4485
46.9231
66.8645
0.0000
466.0043