1.0455
0.9560
0.7850
1.0000
1.0000
62.2417
0.0000
0.0000
0.0000
0.1668
0.0001
0.0000
0.0000
0.0000
0.0000
0.0000
0.9931
0.0536
0.1032
0.0167
160.2421
0.4353
0.2051
0.8347
5.4665
3.2385
0.0677
0.0702
0.0405
0.0840
0.0761
0.1003
0.0573
0.0593
0.3281
0.1166
42.6314
94.5291
32.8893
85.0590
62.8834
109.1009
76.6680
116.0663
29.7411
81.4748
27.4516
78.7169
26.4486
77.3738
45.4229
96.9632
18.9960
66.6397
20.3765
68.8668
22.6551
72.2128
32.7688
84.8009
82.5530
75.0091
1.3712
20.3100
-1.6705
23.9942
-0.1932
11.9053
-0.3142
9.0580
0.1680
10.2263
0.0751
7.0225
43.9242
61.2641
0.0000
364.5408