0.7531
0.9715
0.7694
1.0000
1.0000
100.0002
0.0000
0.0000
0.0000
0.1736
0.0024
0.0000
0.0000
-0.0000
0.0000
0.0000
0.9924
0.0716
0.0952
0.0313
171.9024
0.5648
0.3521
0.8568
4.4886
2.5841
0.0500
0.0449
0.0253
0.0803
0.0714
0.0971
0.0429
0.0443
0.4582
0.0854
48.7241
99.5994
45.0077
96.6464
34.1441
86.5171
30.5641
82.4072
31.0043
82.7973
33.6847
85.8095
18.9727
66.5439
17.7855
64.5917
23.4845
73.2269
21.8804
70.9648
13.2271
56.1601
15.3965
60.4113
68.0045
84.9801
-0.4048
16.7204
-0.3467
24.4887
-0.5714
12.0832
-0.0409
9.1214
0.0716
10.7573
0.2950
6.4996
35.0582
63.9011
0.0000
443.8491