0.9512
0.9580
0.5924
0.9824
0.9824
111.7589
2.6818
0.1901
0.9279
0.1693
0.0000
0.0000
0.0000
-0.0000
0.0000
-0.0000
0.9960
0.0533
0.0705
0.0162
132.8807
0.5965
0.3877
0.8787
3.7095
2.3695
0.0444
0.0460
0.0244
0.0635
0.0736
0.0860
0.0441
0.0474
0.4897
0.0810
31.5507
83.5078
29.6191
81.3180
43.2391
94.9737
16.4189
62.4071
19.9404
68.1121
18.9823
66.6224
26.1459
76.7942
11.6918
53.1621
17.0195
63.2859
15.9775
61.4521
17.9034
64.6370
13.4955
56.8422
70.6024
83.9157
-0.1500
19.1657
-0.4333
17.3103
0.4190
9.1765
-0.1169
9.9979
0.2777
7.1062
0.0325
6.3886
28.3634
55.7967
0.0000
438.2921