1.5000
0.9705
0.7531
1.0000
1.0000
99.5693
0.0000
0.0000
0.0000
0.1810
0.0050
0.0000
0.0000
-0.0000
0.0000
-0.0000
0.9981
0.0342
0.0495
0.0112
162.2337
0.4095
0.2021
0.8879
5.5132
3.3862
0.0525
0.0572
0.0423
0.0967
0.1203
0.1101
0.0616
0.0544
0.3055
0.0993
32.0176
84.0624
54.2226
103.8765
55.8540
104.7049
46.5995
98.0550
30.0636
81.8096
33.6433
85.8804
34.4709
86.6144
33.9779
86.2390
19.7700
67.8594
21.8369
70.9951
23.9135
73.8030
23.3661
73.1676
123.7270
97.7070
0.3580
25.7453
0.5213
21.1225
0.1114
10.5950
0.3746
10.4635
-0.2555
8.5711
0.2045
6.2864
42.3008
59.9437
0.0000
462.3008