1.6250
0.9830
0.7317
0.9998
0.9998
181.7968
9.1185
0.1032
0.9940
0.1871
0.0072
0.0000
0.0000
-0.0000
-0.0000
-0.0000
0.9985
0.0273
0.0459
0.0142
125.0329
0.5390
0.3252
0.9067
3.8495
2.6938
0.0435
0.0468
0.0314
0.0823
0.0929
0.0969
0.0574
0.0554
0.4135
0.0798
25.8720
76.5833
31.8233
83.7829
45.3095
96.8675
32.0044
83.9257
16.9724
63.2267
20.4215
68.8776
25.7951
76.4149
21.2402
70.0886
14.9176
59.5259
14.2839
58.3301
17.3462
63.7969
15.4474
60.4842
101.5577
96.3034
-0.0743
18.7777
-0.4167
16.0893
0.1544
9.2508
0.0465
9.1900
0.0785
7.9561
-0.0550
6.1139
31.0254
57.1268
0.0000
428.0187