1.2889
0.9519
0.6647
0.9906
0.9906
72.0071
1.4112
2.2210
0.7056
0.1738
0.0021
0.0000
0.0000
-0.0000
-0.0000
-0.0000
0.9980
0.0297
0.0557
0.0101
162.2194
0.4002
0.1881
0.8387
5.7078
3.4435
0.0674
0.0605
0.0456
0.0935
0.1069
0.0862
0.0582
0.0594
0.3046
0.1176
42.0582
94.0621
41.0119
93.2294
50.7299
101.0275
59.5172
107.2491
27.4862
78.7270
34.4352
86.7254
28.5640
79.7452
42.6682
94.6589
18.6586
66.0957
23.2609
73.0667
26.9977
77.9914
31.5992
83.4894
91.2514
79.6564
-1.3819
23.6378
-0.1597
15.7850
0.7181
11.1042
0.2856
9.1635
-0.3051
9.4590
-0.2076
7.1700
43.4195
58.4769
0.0000
388.7261