0.6957
0.9351
0.5068
0.9690
0.9690
82.6622
1.4030
1.8308
0.7014
0.1820
0.0036
0.0000
0.0000
-0.0000
0.0000
0.0000
0.9966
0.0511
0.0620
0.0180
242.4567
0.4564
0.2239
0.8339
5.8285
3.1648
0.0685
0.0688
0.0329
0.0707
0.0851
0.0903
0.0613
0.0676
0.3442
0.1105
48.8792
99.4969
54.1884
103.5279
48.4293
99.3228
46.2938
97.7353
36.8937
88.9132
33.8723
85.9482
29.7056
81.2774
32.0918
84.1336
26.7657
77.5070
26.6824
77.5506
21.8149
70.8502
23.0546
72.6903
97.1759
93.2786
-0.2778
21.2066
-0.7662
29.9688
0.0394
13.2602
-0.1321
10.0479
0.3417
13.0025
-0.1381
8.4016
46.5540
78.6263
0.0000
499.5618