0.8481
0.9673
0.6828
0.9946
0.9946
102.1765
2.1025
1.0857
0.8796
0.1689
0.0008
0.0000
0.0000
-0.0000
-0.0000
0.0000
0.9879
0.0669
0.1364
0.0305
144.1809
0.5845
0.3593
0.8408
4.1315
2.4141
0.0625
0.0588
0.0257
0.0605
0.0452
0.0690
0.0453
0.0504
0.4806
0.1020
52.1906
102.2326
65.0606
110.1889
34.3125
86.5451
29.9855
81.7850
24.6329
74.9345
35.2585
87.4735
19.9369
68.1308
16.8379
63.0523
18.6271
66.0023
26.3159
77.0482
14.4279
58.6203
14.4228
58.6012
56.1882
73.3962
0.1176
19.0171
0.9426
20.5916
-0.3515
11.4673
-0.2279
8.2812
-0.2787
9.1289
0.3772
6.4565
32.8045
61.2591
0.0000
390.3460