0.7400
0.9535
0.7670
1.0000
1.0000
60.8032
0.0000
0.0000
0.0000
0.1747
0.0027
0.0000
0.0000
0.0000
0.0000
0.0000
0.9948
0.0568
0.0817
0.0206
144.1257
0.4528
0.2382
0.8466
5.1513
3.1854
0.0573
0.0757
0.0368
0.0865
0.0800
0.0995
0.0649
0.0524
0.3514
0.0957
56.7497
105.4195
36.1108
88.6789
61.0578
108.0495
44.7022
96.4665
33.4935
85.7120
22.1481
71.5749
27.6995
78.9833
42.1995
94.2290
21.1941
70.0319
18.5486
65.9740
20.3595
68.8113
32.5254
84.5386
69.6115
74.1050
-0.4731
19.3733
0.3308
19.5176
-0.7231
10.6656
-0.1137
10.2675
0.1200
7.7917
0.1958
6.7180
39.7498
55.5239
0.0000
341.5758