1.6232
0.9559
0.5264
0.9787
0.9787
130.1732
3.9600
0.4796
0.9676
0.1928
0.0082
0.0000
0.0000
-0.0000
-0.0000
0.0000
0.9978
0.0275
0.0592
0.0119
191.2780
0.4159
0.2226
0.8597
5.8211
3.3760
0.0527
0.0521
0.0481
0.1052
0.1056
0.1053
0.0577
0.0617
0.3214
0.0901
50.4080
100.6121
51.1590
101.5476
54.1804
103.6698
50.5697
101.0335
33.4460
85.4461
32.4137
84.5101
34.6392
86.9363
33.1053
85.2133
24.5066
74.6532
25.3266
75.8347
24.4471
74.6514
25.1241
75.5930
111.6225
94.1755
0.1959
21.9800
-0.5392
22.1811
-0.0372
11.2127
-0.1538
10.0351
-0.1120
11.2184
0.1349
6.8158
45.5552
65.8253
0.0000
478.9760