0.7237
0.9689
0.7646
1.0000
1.0000
92.4177
0.0000
0.0000
0.0000
0.1757
0.0031
0.0000
0.0000
0.0000
0.0000
0.0000
0.9950
0.0535
0.0811
0.0229
127.8945
0.5382
0.2841
0.8318
4.1347
2.6775
0.0593
0.0672
0.0287
0.0634
0.0593
0.0892
0.0493
0.0610
0.4158
0.1067
45.6383
97.0054
45.9799
97.6358
42.4732
94.5320
37.5139
89.7640
26.8356
77.8102
26.3397
77.2771
27.5067
78.6871
20.8313
69.5705
20.9608
69.6672
19.9734
68.2248
20.7148
69.3050
20.4667
68.9944
67.0235
66.2708
-0.4821
18.9881
-0.3412
20.5461
-0.0385
10.0768
-0.0851
8.7267
0.1086
9.2199
0.0174
5.5924
32.4305
56.8509
0.0000
336.3094